NODE 0 0.0 0.0 0.0
NODE 1 0.13333333333333333 0.17950549357115012 0.0
NODE 2 0.26666666666666666 0.2494438257849294 0.0
NODE 3 0.4 0.3 0.0
NODE 4 0.5333333333333333 0.339934634239519 0.0
NODE 5 0.6666666666666666 0.37267799624996495 0.0
NODE 6 0.8 0.39999999999999997 0.0
NODE 7 0.9333333333333333 0.42295258468165065 0.0
NODE 8 1.0666666666666667 0.44221663871405326 0.0
NODE 9 1.2 0.458257569495584 0.0
NODE 10 1.3333333333333333 0.4714045207910317 0.0
NODE 11 1.4666666666666666 0.4818944098266986 0.0
NODE 12 1.6 0.48989794855663565 0.0
NODE 13 1.7333333333333334 0.49553562491061687 0.0
NODE 14 1.8666666666666667 0.49888765156985876 0.0
NODE 15 2.0 0.5000000000000001 0.0
NODE 16 2.1333333333333333 0.49888765156985876 0.0
NODE 17 2.2666666666666666 0.49553562491061687 0.0
NODE 18 2.4 0.48989794855663565 0.0
NODE 19 2.533333333333333 0.48189440982669873 0.0
NODE 20 2.6666666666666665 0.47140452079103173 0.0
NODE 21 2.8 0.45825756949558405 0.0
NODE 22 2.933333333333333 0.4422166387140533 0.0
NODE 23 3.0666666666666664 0.4229525846816507 0.0
NODE 24 3.2 0.3999999999999999 0.0
NODE 25 3.3333333333333335 0.3726779962499649 0.0
NODE 26 3.466666666666667 0.339934634239519 0.0
NODE 27 3.6 0.29999999999999993 0.0
NODE 28 3.7333333333333334 0.2494438257849294 0.0
NODE 29 3.8666666666666667 0.17950549357115012 0.0
NODE 30 4.0 0.0 0.0
NODE 31 0.13333333333333333 0.17558286785515806 0.03732129067945424
NODE 32 0.26666666666666666 0.24399287970939013 0.05186228758299526
NODE 33 0.4 0.2934442802201417 0.062373507245327794
NODE 34 0.5333333333333333 0.3325062468877093 0.07067638457225497
NODE 35 0.6666666666666666 0.3645340878781855 0.07748411233090478
NODE 36 0.8 0.39125904029352226 0.08316467632710373
NODE 37 0.9333333333333333 0.41371005593051835 0.08793678701690351
NODE 38 1.0666666666666667 0.43255314416271934 0.09194200906278502
NODE 39 1.2 0.4482435421202107 0.09527710610386371
NODE 40 1.3333333333333333 0.46110320098681706 0.09801051097679897
NODE 41 1.4666666666666666 0.47136386077901854 0.10019148154269517
NODE 42 1.6 0.47919250298508653 0.10185551081256179
NODE 43 1.7333333333333334 0.48470698258444694 0.10302764963560132
NODE 44 1.8666666666666667 0.4879857594187802 0.10372457516599051
NODE 45 2.0 0.48907380036690296 0.10395584540887969
NODE 46 2.1333333333333333 0.4879857594187802 0.10372457516599051
NODE 47 2.2666666666666666 0.48470698258444694 0.10302764963560132
NODE 48 2.4 0.47919250298508653 0.10185551081256179
NODE 49 2.533333333333333 0.47136386077901865 0.10019148154269518
NODE 50 2.6666666666666665 0.4611032009868171 0.09801051097679898
NODE 51 2.8 0.4482435421202108 0.09527710610386372
NODE 52 2.933333333333333 0.4325531441627194 0.09194200906278503
NODE 53 3.0666666666666664 0.4137100559305184 0.08793678701690352
NODE 54 3.2 0.3912590402935222 0.08316467632710371
NODE 55 3.3333333333333335 0.3645340878781854 0.07748411233090477
NODE 56 3.466666666666667 0.3325062468877093 0.07067638457225497
NODE 57 3.6 0.29344428022014163 0.06237350724532778
NODE 58 3.7333333333333334 0.24399287970939013 0.05186228758299526
NODE 59 3.8666666666666667 0.17558286785515806 0.03732129067945424
NODE 60 0.13333333333333333 0.1639864282738173 0.07301146186879422
NODE 61 0.26666666666666666 0.22787827398281454 0.10145794433574691
NODE 62 0.4 0.27406363729278027 0.12202099292274005
NODE 63 0.5333333333333333 0.3105457410049115 0.1382638719957819
NODE 64 0.6666666666666666 0.3404582906375017 0.15158179714292638
NODE 65 0.8 0.3654181830570403 0.16269465723032006
NODE 66 0.9333333333333333 0.38638641253411943 0.17203031447364767
NODE 67 1.0666666666666667 0.4039850015912025 0.17986571114281794
NODE 68 1.2 0.41863912104302925 0.18639014548070904
NODE 69 1.3333333333333333 0.430649458680834 0.19173749231730047
NODE 70 1.4666666666666666 0.44023244916054244 0.19600411456990527
NODE 71 1.6 0.44754404561234307 0.19925944704564702
NODE 72 1.7333333333333334 0.4526943192371817 0.20155249660061317
NODE 73 1.8666666666666667 0.45575654796562903 0.2029158886714938
NODE 74 2.0 0.45677272882130054 0.20336832153790013
NODE 75 2.1333333333333333 0.45575654796562903 0.2029158886714938
NODE 76 2.2666666666666666 0.4526943192371817 0.20155249660061317
NODE 77 2.4 0.44754404561234307 0.19925944704564702
NODE 78 2.533333333333333 0.44023244916054255 0.19600411456990532
NODE 79 2.6666666666666665 0.43064945868083404 0.19173749231730047
NODE 80 2.8 0.4186391210430293 0.18639014548070906
NODE 81 2.933333333333333 0.40398500159120254 0.17986571114281796
NODE 82 3.0666666666666664 0.3863864125341195 0.1720303144736477
NODE 83 3.2 0.36541818305704027 0.16269465723032003
NODE 84 3.3333333333333335 0.34045829063750166 0.15158179714292636
NODE 85 3.466666666666667 0.3105457410049115 0.1382638719957819
NODE 86 3.6 0.2740636372927802 0.12202099292274002
NODE 87 3.7333333333333334 0.22787827398281454 0.10145794433574691
NODE 88 3.8666666666666667 0.1639864282738173 0.07301146186879422
NODE 89 0.13333333333333333 0.1452229948827233 0.10551068182660339
NODE 90 0.26666666666666666 0.2018042942019116 0.14661940207179444
NODE 91 0.4 0.2427050983124842 0.17633557568774194
NODE 92 0.5333333333333333 0.2750128960764027 0.19980856474942524
NODE 93 0.6666666666666666 0.3015028323958246 0.21905463004963902
NODE 94 0.8 0.32360679774997897 0.23511410091698923
NODE 95 0.9333333333333333 0.34217582882226444 0.24860529169485762
NODE 96 1.0666666666666667 0.3577607759150354 0.25992841855446924
NODE 97 1.2 0.37073816152288597 0.26935704110089737
NODE 98 1.3333333333333333 0.38137426854512285 0.27708462518496896
NODE 99 1.4666666666666666 0.38986076704408484 0.2832504272583185
NODE 100 1.6 0.396335765891742 0.2879547892899271
NODE 101 1.7333333333333334 0.4008967418708986 0.29126853230799526
NODE 102 1.8666666666666667 0.4036085884038232 0.2932388041435889
NODE 103 2.0 0.40450849718747384 0.2938926261462366
NODE 104 2.1333333333333333 0.4036085884038232 0.2932388041435889
NODE 105 2.2666666666666666 0.4008967418708986 0.29126853230799526
NODE 106 2.4 0.396335765891742 0.2879547892899271
NODE 107 2.533333333333333 0.38986076704408495 0.28325042725831856
NODE 108 2.6666666666666665 0.3813742685451229 0.277084625184969
NODE 109 2.8 0.370738161522886 0.2693570411008974
NODE 110 2.933333333333333 0.3577607759150354 0.25992841855446924
NODE 111 3.0666666666666664 0.3421758288222645 0.24860529169485768
NODE 112 3.2 0.3236067977499789 0.2351141009169892
NODE 113 3.3333333333333335 0.30150283239582454 0.21905463004963896
NODE 114 3.466666666666667 0.2750128960764027 0.19980856474942524
NODE 115 3.6 0.24270509831248419 0.1763355756877419
NODE 116 3.7333333333333334 0.2018042942019116 0.14661940207179444
NODE 117 3.8666666666666667 0.1452229948827233 0.10551068182660339
NODE 118 0.13333333333333333 0.12011261975800981 0.13339857869216584
NODE 119 0.26666666666666666 0.1669104983999432 0.18537288837935487
NODE 120 0.4 0.20073918190765747 0.22294344764321825
NODE 121 0.5333333333333333 0.22746066793106604 0.2526206644356491
NODE 122 0.6666666666666666 0.24937025360734336 0.27695372448244515
NODE 123 0.8 0.26765224254354325 0.29725793019095764
NODE 124 0.9333333333333333 0.28301051944907923 0.314315024728458
NODE 125 1.0666666666666667 0.2959006876047106 0.32863100680035495
NODE 126 1.2 0.3066341653451167 0.3405517415064906
NODE 127 1.3333333333333333 0.31543119283721 0.35032183033250586
NODE 128 1.4666666666666666 0.322450298648283 0.3581173370891938
NODE 129 1.6 0.32780571137166237 0.36406512548185443
NODE 130 1.7333333333333334 0.3315780531688568 0.3682547354920318
NODE 131 1.8666666666666667 0.33382099679988636 0.3707457767587097
NODE 132 2.0 0.3345653031794292 0.3715724127386971
NODE 133 2.1333333333333333 0.33382099679988636 0.3707457767587097
NODE 134 2.2666666666666666 0.3315780531688568 0.3682547354920318
NODE 135 2.4 0.32780571137166237 0.36406512548185443
NODE 136 2.533333333333333 0.32245029864828306 0.35811733708919385
NODE 137 2.6666666666666665 0.31543119283721005 0.3503218303325059
NODE 138 2.8 0.3066341653451168 0.34055174150649065
NODE 139 2.933333333333333 0.2959006876047106 0.328631006800355
NODE 140 3.0666666666666664 0.2830105194490793 0.31431502472845807
NODE 141 3.2 0.26765224254354325 0.2972579301909576
NODE 142 3.3333333333333335 0.2493702536073433 0.2769537244824451
NODE 143 3.466666666666667 0.22746066793106604 0.2526206644356491
NODE 144 3.6 0.20073918190765744 0.2229434476432182
NODE 145 3.7333333333333334 0.1669104983999432 0.18537288837935487
NODE 146 3.8666666666666667 0.12011261975800981 0.13339857869216584
NODE 147 0.13333333333333333 0.08975274678557507 0.15545631755148023
NODE 148 0.26666666666666666 0.12472191289246473 0.21602468994692864
NODE 149 0.4 0.15000000000000002 0.25980762113533157
NODE 150 0.5333333333333333 0.16996731711975951 0.29439202887759486
NODE 151 0.6666666666666666 0.1863389981249825 0.3227486121839514
NODE 152 0.8 0.20000000000000004 0.3464101615137754
NODE 153 0.9333333333333333 0.21147629234082538 0.36628768293059843
NODE 154 1.0666666666666667 0.22110831935702668 0.38297084310253515
NODE 155 1.2 0.22912878474779205 0.39686269665968854
NODE 156 1.3333333333333333 0.2357022603955159 0.40824829046386296
NODE 157 1.4666666666666666 0.24094720491334937 0.4173328008516304
NODE 158 1.6 0.24494897427831788 0.4242640687119285
NODE 159 1.7333333333333334 0.2477678124553085 0.4291464396527911
NODE 160 1.8666666666666667 0.24944382578492943 0.4320493798938572
NODE 161 2.0 0.2500000000000001 0.4330127018922194
NODE 162 2.1333333333333333 0.24944382578492943 0.4320493798938572
NODE 163 2.2666666666666666 0.2477678124553085 0.4291464396527911
NODE 164 2.4 0.24494897427831788 0.4242640687119285
NODE 165 2.533333333333333 0.24094720491334942 0.4173328008516305
NODE 166 2.6666666666666665 0.23570226039551592 0.408248290463863
NODE 167 2.8 0.22912878474779208 0.3968626966596886
NODE 168 2.933333333333333 0.2211083193570267 0.3829708431025352
NODE 169 3.0666666666666664 0.2114762923408254 0.3662876829305985
NODE 170 3.2 0.2 0.34641016151377535
NODE 171 3.3333333333333335 0.18633899812498247 0.32274861218395134
NODE 172 3.466666666666667 0.16996731711975951 0.29439202887759486
NODE 173 3.6 0.15 0.2598076211353315
NODE 174 3.7333333333333334 0.12472191289246473 0.21602468994692864
NODE 175 3.8666666666666667 0.08975274678557507 0.15545631755148023
NODE 176 0.13333333333333333 0.05547024809714826 0.17071986937162012
NODE 177 0.26666666666666666 0.0770823813094469 0.23723517596235016
NODE 178 0.4 0.09270509831248423 0.285316954888546
NODE 179 0.5333333333333333 0.10504557895664325 0.3232970490079041
NODE 180 0.6666666666666666 0.1151638342708421 0.35443783681334995
NODE 181 0.8 0.12360679774997897 0.38042260651806137
NODE 182 0.9333333333333333 0.13069953648143912 0.40225181174536156
NODE 183 1.0666666666666667 0.13665245655800876 0.42057301586314
NODE 184 1.2 0.14160937677509397 0.43582884761035434
NODE 185 1.3333333333333333 0.14567200814960704 0.4483323413093049
NODE 186 1.4666666666666666 0.14891356213073556 0.458308818631889
NODE 187 1.6 0.15138679161342417 0.46592063629441627
NODE 188 1.7333333333333334 0.15312892941559017 0.47128238512763315
NODE 189 1.8666666666666667 0.15416476261889378 0.4744703519247003
NODE 190 2.0 0.15450849718747375 0.4755282581475769
NODE 191 2.1333333333333333 0.15416476261889378 0.4744703519247003
NODE 192 2.2666666666666666 0.15312892941559017 0.47128238512763315
NODE 193 2.4 0.15138679161342417 0.46592063629441627
NODE 194 2.533333333333333 0.1489135621307356 0.4583088186318891
NODE 195 2.6666666666666665 0.14567200814960704 0.44833234130930494
NODE 196 2.8 0.141609376775094 0.4358288476103544
NODE 197 2.933333333333333 0.13665245655800878 0.42057301586314005
NODE 198 3.0666666666666664 0.13069953648143914 0.4022518117453616
NODE 199 3.2 0.12360679774997896 0.3804226065180613
NODE 200 3.3333333333333335 0.11516383427084209 0.3544378368133499
NODE 201 3.466666666666667 0.10504557895664325 0.3232970490079041
NODE 202 3.6 0.09270509831248422 0.28531695488854597
NODE 203 3.7333333333333334 0.0770823813094469 0.23723517596235016
NODE 204 3.8666666666666667 0.05547024809714826 0.17071986937162012
NODE 205 0.13333333333333333 0.01876343339109397 0.17852214369539762
NODE 206 0.26666666666666666 0.02607397978090294 0.24807734640754137
NODE 207 0.4 0.03135853898029604 0.298356568610482
NODE 208 0.5333333333333333 0.03553284492850877 0.33807243674520715
NODE 209 0.6666666666666666 0.038955458241677156 0.3706364271925654
NODE 210 0.8 0.041811385307061376 0.39780875814730926
NODE 211 0.9333333333333333 0.04421058371185501 0.4206356061685053
NODE 212 1.0666666666666667 0.046224225676167095 0.4397941296972872
NODE 213 1.2 0.0479009595201433 0.4557471865816064
NODE 214 1.3333333333333333 0.04927519013571113 0.46882211750226943
NODE 215 1.4666666666666666 0.05037168211645761 0.4792545418282238
NODE 216 1.6 0.051208279720601074 0.48721423633557415
NODE 217 1.7333333333333334 0.05179757736628312 0.4928210289086084
NODE 218 1.8666666666666667 0.05214795956180588 0.4961546928150827
NODE 219 2.0 0.05226423163382674 0.49726094768413676
NODE 220 2.1333333333333333 0.05214795956180588 0.4961546928150827
NODE 221 2.2666666666666666 0.05179757736628312 0.4928210289086084
NODE 222 2.4 0.051208279720601074 0.48721423633557415
NODE 223 2.533333333333333 0.05037168211645762 0.4792545418282239
NODE 224 2.6666666666666665 0.04927519013571114 0.4688221175022695
NODE 225 2.8 0.04790095952014331 0.45574718658160646
NODE 226 2.933333333333333 0.0462242256761671 0.43979412969728726
NODE 227 3.0666666666666664 0.04421058371185501 0.42063560616850537
NODE 228 3.2 0.041811385307061376 0.3978087581473092
NODE 229 3.3333333333333335 0.03895545824167715 0.37063642719256534
NODE 230 3.466666666666667 0.03553284492850877 0.33807243674520715
NODE 231 3.6 0.03135853898029603 0.29835656861048193
NODE 232 3.7333333333333334 0.02607397978090294 0.24807734640754137
NODE 233 3.8666666666666667 0.01876343339109397 0.17852214369539762
NODE 234 0.13333333333333333 -0.018763433391093945 0.17852214369539762
NODE 235 0.26666666666666666 -0.02607397978090291 0.2480773464075414
NODE 236 0.4 -0.031358538980295995 0.298356568610482
NODE 237 0.5333333333333333 -0.03553284492850873 0.33807243674520715
NODE 238 0.6666666666666666 -0.03895545824167711 0.37063642719256545
NODE 239 0.8 -0.04181138530706133 0.3978087581473093
NODE 240 0.9333333333333333 -0.044210583711854955 0.42063560616850537
NODE 241 1.0666666666666667 -0.04622422567616704 0.4397941296972872
NODE 242 1.2 -0.04790095952014325 0.45574718658160646
NODE 243 1.3333333333333333 -0.04927519013571108 0.4688221175022695
NODE 244 1.4666666666666666 -0.050371682116457546 0.4792545418282238
NODE 245 1.6 -0.05120827972060101 0.4872142363355742
NODE 246 1.7333333333333334 -0.05179757736628306 0.49282102890860846
NODE 247 1.8666666666666667 -0.05214795956180582 0.49615469281508273
NODE 248 2.0 -0.05226423163382668 0.4972609476841368
NODE 249 2.1333333333333333 -0.05214795956180582 0.49615469281508273
NODE 250 2.2666666666666666 -0.05179757736628306 0.49282102890860846
NODE 251 2.4 -0.05120827972060101 0.4872142363355742
NODE 252 2.533333333333333 -0.05037168211645756 0.4792545418282239
NODE 253 2.6666666666666665 -0.049275190135711085 0.46882211750226954
NODE 254 2.8 -0.047900959520143255 0.4557471865816065
NODE 255 2.933333333333333 -0.04622422567616705 0.43979412969728726
NODE 256 3.0666666666666664 -0.04421058371185496 0.4206356061685054
NODE 257 3.2 -0.04181138530706132 0.39780875814730926
NODE 258 3.3333333333333335 -0.0389554582416771 0.3706364271925654
NODE 259 3.466666666666667 -0.03553284492850873 0.33807243674520715
NODE 260 3.6 -0.031358538980295995 0.29835656861048193
NODE 261 3.7333333333333334 -0.02607397978090291 0.2480773464075414
NODE 262 3.8666666666666667 -0.018763433391093945 0.17852214369539762
NODE 263 0.13333333333333333 -0.05547024809714824 0.17071986937162012
NODE 264 0.26666666666666666 -0.07708238130944688 0.2372351759623502
NODE 265 0.4 -0.0927050983124842 0.2853169548885461
NODE 266 0.5333333333333333 -0.10504557895664321 0.3232970490079042
NODE 267 0.6666666666666666 -0.11516383427084206 0.35443783681335
NODE 268 0.8 -0.12360679774997893 0.3804226065180614
NODE 269 0.9333333333333333 -0.1306995364814391 0.4022518117453616
NODE 270 1.0666666666666667 -0.13665245655800873 0.42057301586314005
NODE 271 1.2 -0.14160937677509391 0.4358288476103544
NODE 272 1.3333333333333333 -0.14567200814960699 0.44833234130930494
NODE 273 1.4666666666666666 -0.1489135621307355 0.45830881863188905
NODE 274 1.6 -0.1513867916134241 0.4659206362944163
NODE 275 1.7333333333333334 -0.15312892941559011 0.4712823851276332
NODE 276 1.8666666666666667 -0.15416476261889372 0.47447035192470033
NODE 277 2.0 -0.1545084971874737 0.47552825814757693
NODE 278 2.1333333333333333 -0.15416476261889372 0.47447035192470033
NODE 279 2.2666666666666666 -0.15312892941559011 0.4712823851276332
NODE 280 2.4 -0.1513867916134241 0.4659206362944163
NODE 281 2.533333333333333 -0.14891356213073553 0.45830881863188916
NODE 282 2.6666666666666665 -0.145672008149607 0.448332341309305
NODE 283 2.8 -0.14160937677509394 0.43582884761035445
NODE 284 2.933333333333333 -0.13665245655800873 0.4205730158631401
NODE 285 3.0666666666666664 -0.1306995364814391 0.4022518117453617
NODE 286 3.2 -0.1236067977499789 0.38042260651806137
NODE 287 3.3333333333333335 -0.11516383427084205 0.35443783681334995
NODE 288 3.466666666666667 -0.10504557895664321 0.3232970490079042
NODE 289 3.6 -0.09270509831248418 0.285316954888546
NODE 290 3.7333333333333334 -0.07708238130944688 0.2372351759623502
NODE 291 3.8666666666666667 -0.05547024809714824 0.17071986937162012
NODE 292 0.13333333333333333 -0.08975274678557502 0.15545631755148023
NODE 293 0.26666666666666666 -0.12472191289246465 0.21602468994692867
NODE 294 0.4 -0.14999999999999994 0.2598076211353316
NODE 295 0.5333333333333333 -0.1699673171197594 0.2943920288775949
NODE 296 0.6666666666666666 -0.1863389981249824 0.32274861218395146
NODE 297 0.8 -0.1999999999999999 0.34641016151377546
NODE 298 0.9333333333333333 -0.21147629234082524 0.3662876829305985
NODE 299 1.0666666666666667 -0.22110831935702652 0.3829708431025352
NODE 300 1.2 -0.22912878474779189 0.3968626966596886
NODE 301 1.3333333333333333 -0.23570226039551573 0.408248290463863
NODE 302 1.4666666666666666 -0.2409472049133492 0.41733280085163044
NODE 303 1.6 -0.24494897427831772 0.42426406871192857
NODE 304 1.7333333333333334 -0.24776781245530832 0.42914643965279115
NODE 305 1.8666666666666667 -0.24944382578492927 0.4320493798938573
NODE 306 2.0 -0.24999999999999994 0.43301270189221946
NODE 307 2.1333333333333333 -0.24944382578492927 0.4320493798938573
NODE 308 2.2666666666666666 -0.24776781245530832 0.42914643965279115
NODE 309 2.4 -0.24494897427831772 0.42426406871192857
NODE 310 2.533333333333333 -0.24094720491334926 0.41733280085163055
NODE 311 2.6666666666666665 -0.23570226039551576 0.4082482904638631
NODE 312 2.8 -0.2291287847477919 0.39686269665968865
NODE 313 2.933333333333333 -0.22110831935702654 0.38297084310253526
NODE 314 3.0666666666666664 -0.21147629234082527 0.36628768293059855
NODE 315 3.2 -0.19999999999999987 0.3464101615137754
NODE 316 3.3333333333333335 -0.18633899812498236 0.3227486121839514
NODE 317 3.466666666666667 -0.1699673171197594 0.2943920288775949
NODE 318 3.6 -0.1499999999999999 0.25980762113533157
NODE 319 3.7333333333333334 -0.12472191289246465 0.21602468994692867
NODE 320 3.8666666666666667 -0.08975274678557502 0.15545631755148023
NODE 321 0.13333333333333333 -0.12011261975800974 0.1333985786921659
NODE 322 0.26666666666666666 -0.16691049839994312 0.18537288837935495
NODE 323 0.4 -0.20073918190765735 0.22294344764321833
NODE 324 0.5333333333333333 -0.22746066793106592 0.25262066443564923
NODE 325 0.6666666666666666 -0.24937025360734322 0.27695372448244526
NODE 326 0.8 -0.26765224254354314 0.29725793019095775
NODE 327 0.9333333333333333 -0.28301051944907907 0.3143150247284582
NODE 328 1.0666666666666667 -0.29590068760471044 0.3286310068003551
NODE 329 1.2 -0.30663416534511656 0.34055174150649076
NODE 330 1.3333333333333333 -0.3154311928372099 0.350321830332506
NODE 331 1.4666666666666666 -0.32245029864828284 0.35811733708919397
NODE 332 1.6 -0.3278057113716622 0.3640651254818546
NODE 333 1.7333333333333334 -0.33157805316885663 0.36825473549203197
NODE 334 1.8666666666666667 -0.3338209967998862 0.37074577675870984
NODE 335 2.0 -0.334565303179429 0.3715724127386973
NODE 336 2.1333333333333333 -0.3338209967998862 0.37074577675870984
NODE 337 2.2666666666666666 -0.33157805316885663 0.36825473549203197
NODE 338 2.4 -0.3278057113716622 0.3640651254818546
NODE 339 2.533333333333333 -0.3224502986482829 0.358117337089194
NODE 340 2.6666666666666665 -0.3154311928372099 0.350321830332506
NODE 341 2.8 -0.3066341653451166 0.34055174150649076
NODE 342 2.933333333333333 -0.2959006876047105 0.3286310068003552
NODE 343 3.0666666666666664 -0.2830105194490791 0.31431502472845824
NODE 344 3.2 -0.2676522425435431 0.2972579301909577
NODE 345 3.3333333333333335 -0.2493702536073432 0.2769537244824452
NODE 346 3.466666666666667 -0.22746066793106592 0.25262066443564923
NODE 347 3.6 -0.20073918190765733 0.2229434476432183
NODE 348 3.7333333333333334 -0.16691049839994312 0.18537288837935495
NODE 349 3.8666666666666667 -0.12011261975800974 0.1333985786921659
NODE 350 0.13333333333333333 -0.1452229948827233 0.1055106818266034
NODE 351 0.26666666666666666 -0.20180429420191157 0.14661940207179447
NODE 352 0.4 -0.24270509831248419 0.17633557568774197
NODE 353 0.5333333333333333 -0.2750128960764027 0.19980856474942527
NODE 354 0.6666666666666666 -0.30150283239582454 0.21905463004963904
NODE 355 0.8 -0.3236067977499789 0.23511410091698928
NODE 356 0.9333333333333333 -0.3421758288222644 0.24860529169485768
NODE 357 1.0666666666666667 -0.35776077591503536 0.2599284185544693
NODE 358 1.2 -0.3707381615228859 0.2693570411008974
NODE 359 1.3333333333333333 -0.3813742685451228 0.277084625184969
NODE 360 1.4666666666666666 -0.3898607670440848 0.28325042725831856
NODE 361 1.6 -0.39633576589174196 0.2879547892899272
NODE 362 1.7333333333333334 -0.4008967418708985 0.2912685323079953
NODE 363 1.8666666666666667 -0.40360858840382313 0.29323880414358894
NODE 364 2.0 -0.4045084971874738 0.2938926261462367
NODE 365 2.1333333333333333 -0.40360858840382313 0.29323880414358894
NODE 366 2.2666666666666666 -0.4008967418708985 0.2912685323079953
NODE 367 2.4 -0.39633576589174196 0.2879547892899272
NODE 368 2.533333333333333 -0.3898607670440849 0.2832504272583186
NODE 369 2.6666666666666665 -0.38137426854512285 0.277084625184969
NODE 370 2.8 -0.37073816152288597 0.2693570411008975
NODE 371 2.933333333333333 -0.3577607759150354 0.2599284185544693
NODE 372 3.0666666666666664 -0.34217582882226444 0.2486052916948577
NODE 373 3.2 -0.32360679774997886 0.23511410091698925
NODE 374 3.3333333333333335 -0.3015028323958245 0.21905463004963902
NODE 375 3.466666666666667 -0.2750128960764027 0.19980856474942527
NODE 376 3.6 -0.24270509831248416 0.17633557568774194
NODE 377 3.7333333333333334 -0.20180429420191157 0.14661940207179447
NODE 378 3.8666666666666667 -0.1452229948827233 0.1055106818266034
NODE 379 0.13333333333333333 -0.1639864282738173 0.0730114618687942
NODE 380 0.26666666666666666 -0.22787827398281457 0.10145794433574688
NODE 381 0.4 -0.27406363729278027 0.12202099292274
NODE 382 0.5333333333333333 -0.31054574100491156 0.13826387199578186
NODE 383 0.6666666666666666 -0.34045829063750177 0.15158179714292633
NODE 384 0.8 -0.3654181830570404 0.16269465723032
NODE 385 0.9333333333333333 -0.3863864125341195 0.17203031447364764
NODE 386 1.0666666666666667 -0.40398500159120254 0.1798657111428179
NODE 387 1.2 -0.4186391210430293 0.18639014548070898
NODE 388 1.3333333333333333 -0.43064945868083404 0.19173749231730042
NODE 389 1.4666666666666666 -0.4402324491605425 0.1960041145699052
NODE 390 1.6 -0.4475440456123431 0.19925944704564696
NODE 391 1.7333333333333334 -0.45269431923718173 0.2015524966006131
NODE 392 1.8666666666666667 -0.4557565479656291 0.20291588867149374
NODE 393 2.0 -0.4567727288213006 0.20336832153790008
NODE 394 2.1333333333333333 -0.4557565479656291 0.20291588867149374
NODE 395 2.2666666666666666 -0.45269431923718173 0.2015524966006131
NODE 396 2.4 -0.4475440456123431 0.19925944704564696
NODE 397 2.533333333333333 -0.4402324491605426 0.19600411456990527
NODE 398 2.6666666666666665 -0.4306494586808341 0.19173749231730045
NODE 399 2.8 -0.41863912104302936 0.186390145480709
NODE 400 2.933333333333333 -0.40398500159120254 0.1798657111428179
NODE 401 3.0666666666666664 -0.38638641253411954 0.17203031447364767
NODE 402 3.2 -0.3654181830570403 0.16269465723031998
NODE 403 3.3333333333333335 -0.3404582906375017 0.15158179714292633
NODE 404 3.466666666666667 -0.31054574100491156 0.13826387199578186
NODE 405 3.6 -0.2740636372927802 0.12202099292273999
NODE 406 3.7333333333333334 -0.22787827398281457 0.10145794433574688
NODE 407 3.8666666666666667 -0.1639864282738173 0.0730114618687942
NODE 408 0.13333333333333333 -0.17558286785515806 0.03732129067945424
NODE 409 0.26666666666666666 -0.24399287970939013 0.05186228758299526
NODE 410 0.4 -0.2934442802201417 0.062373507245327794
NODE 411 0.5333333333333333 -0.3325062468877093 0.07067638457225497
NODE 412 0.6666666666666666 -0.3645340878781855 0.07748411233090478
NODE 413 0.8 -0.39125904029352226 0.08316467632710373
NODE 414 0.9333333333333333 -0.41371005593051835 0.08793678701690351
NODE 415 1.0666666666666667 -0.43255314416271934 0.09194200906278502
NODE 416 1.2 -0.4482435421202107 0.09527710610386371
NODE 417 1.3333333333333333 -0.46110320098681706 0.09801051097679897
NODE 418 1.4666666666666666 -0.47136386077901854 0.10019148154269517
NODE 419 1.6 -0.47919250298508653 0.10185551081256179
NODE 420 1.7333333333333334 -0.48470698258444694 0.10302764963560132
NODE 421 1.8666666666666667 -0.4879857594187802 0.10372457516599051
NODE 422 2.0 -0.48907380036690296 0.10395584540887969
NODE 423 2.1333333333333333 -0.4879857594187802 0.10372457516599051
NODE 424 2.2666666666666666 -0.48470698258444694 0.10302764963560132
NODE 425 2.4 -0.47919250298508653 0.10185551081256179
NODE 426 2.533333333333333 -0.47136386077901865 0.10019148154269518
NODE 427 2.6666666666666665 -0.4611032009868171 0.09801051097679898
NODE 428 2.8 -0.4482435421202108 0.09527710610386372
NODE 429 2.933333333333333 -0.4325531441627194 0.09194200906278503
NODE 430 3.0666666666666664 -0.4137100559305184 0.08793678701690352
NODE 431 3.2 -0.3912590402935222 0.08316467632710371
NODE 432 3.3333333333333335 -0.3645340878781854 0.07748411233090477
NODE 433 3.466666666666667 -0.3325062468877093 0.07067638457225497
NODE 434 3.6 -0.29344428022014163 0.06237350724532778
NODE 435 3.7333333333333334 -0.24399287970939013 0.05186228758299526
NODE 436 3.8666666666666667 -0.17558286785515806 0.03732129067945424
NODE 437 0.13333333333333333 -0.17950549357115012 2.198308281312748e-17
NODE 438 0.26666666666666666 -0.2494438257849294 3.054805828145838e-17
NODE 439 0.4 -0.3 3.6739403974420595e-17
NODE 440 0.5333333333333333 -0.339934634239519 4.162998617407532e-17
NODE 441 0.6666666666666666 -0.37267799624996495 4.5639891522016886e-17
NODE 442 0.8 -0.39999999999999997 4.8985871965894125e-17
NODE 443 0.9333333333333333 -0.42295258468165065 5.179675290214833e-17
NODE 444 1.0666666666666667 -0.44221663871405326 5.415591911308668e-17
NODE 445 1.2 -0.458257569495584 5.612036656678127e-17
NODE 446 1.3333333333333333 -0.4714045207910317 5.773040374903289e-17
NODE 447 1.4666666666666666 -0.4818944098266986 5.901504465212694e-17
NODE 448 1.6 -0.48989794855663565 5.999519546087386e-17
NODE 449 1.7333333333333334 -0.49553562491061687 6.068561169102703e-17
NODE 450 1.8666666666666667 -0.49888765156985876 6.109611656291676e-17
NODE 451 2.0 -0.5000000000000001 6.123233995736767e-17
NODE 452 2.1333333333333333 -0.49888765156985876 6.109611656291676e-17
NODE 453 2.2666666666666666 -0.49553562491061687 6.068561169102703e-17
NODE 454 2.4 -0.48989794855663565 5.999519546087386e-17
NODE 455 2.533333333333333 -0.48189440982669873 5.901504465212695e-17
NODE 456 2.6666666666666665 -0.47140452079103173 5.77304037490329e-17
NODE 457 2.8 -0.45825756949558405 5.612036656678128e-17
NODE 458 2.933333333333333 -0.4422166387140533 5.415591911308669e-17
NODE 459 3.0666666666666664 -0.4229525846816507 5.179675290214834e-17
NODE 460 3.2 -0.3999999999999999 4.898587196589412e-17
NODE 461 3.3333333333333335 -0.3726779962499649 4.563989152201688e-17
NODE 462 3.466666666666667 -0.339934634239519 4.162998617407532e-17
NODE 463 3.6 -0.29999999999999993 3.673940397442059e-17
NODE 464 3.7333333333333334 -0.2494438257849294 3.054805828145838e-17
NODE 465 3.8666666666666667 -0.17950549357115012 2.198308281312748e-17
NODE 466 0.13333333333333333 -0.17558286785515806 -0.0373212906794542
NODE 467 0.26666666666666666 -0.24399287970939013 -0.0518622875829952
NODE 468 0.4 -0.2934442802201417 -0.06237350724532772
NODE 469 0.5333333333333333 -0.3325062468877093 -0.07067638457225488
NODE 470 0.6666666666666666 -0.3645340878781855 -0.07748411233090469
NODE 471 0.8 -0.39125904029352226 -0.08316467632710361
NODE 472 0.9333333333333333 -0.41371005593051835 -0.08793678701690341
NODE 473 1.0666666666666667 -0.43255314416271934 -0.09194200906278491
NODE 474 1.2 -0.4482435421202107 -0.0952771061038636
NODE 475 1.3333333333333333 -0.46110320098681706 -0.09801051097679886
NODE 476 1.4666666666666666 -0.47136386077901854 -0.10019148154269504
NODE 477 1.6 -0.47919250298508653 -0.10185551081256167
NODE 478 1.7333333333333334 -0.48470698258444694 -0.1030276496356012
NODE 479 1.8666666666666667 -0.4879857594187802 -0.10372457516599039
NODE 480 2.0 -0.48907380036690296 -0.10395584540887956
NODE 481 2.1333333333333333 -0.4879857594187802 -0.10372457516599039
NODE 482 2.2666666666666666 -0.48470698258444694 -0.1030276496356012
NODE 483 2.4 -0.47919250298508653 -0.10185551081256167
NODE 484 2.533333333333333 -0.47136386077901865 -0.10019148154269507
NODE 485 2.6666666666666665 -0.4611032009868171 -0.09801051097679886
NODE 486 2.8 -0.4482435421202108 -0.09527710610386361
NODE 487 2.933333333333333 -0.4325531441627194 -0.09194200906278492
NODE 488 3.0666666666666664 -0.4137100559305184 -0.08793678701690343
NODE 489 3.2 -0.3912590402935222 -0.0831646763271036
NODE 490 3.3333333333333335 -0.3645340878781854 -0.07748411233090467
NODE 491 3.466666666666667 -0.3325062468877093 -0.07067638457225488
NODE 492 3.6 -0.29344428022014163 -0.062373507245327704
NODE 493 3.7333333333333334 -0.24399287970939013 -0.0518622875829952
NODE 494 3.8666666666666667 -0.17558286785515806 -0.0373212906794542
NODE 495 0.13333333333333333 -0.16398642827381732 -0.07301146186879416
NODE 496 0.26666666666666666 -0.2278782739828146 -0.10145794433574683
NODE 497 0.4 -0.2740636372927803 -0.12202099292273993
NODE 498 0.5333333333333333 -0.31054574100491156 -0.1382638719957818
NODE 499 0.6666666666666666 -0.3404582906375018 -0.15158179714292624
NODE 500 0.8 -0.3654181830570404 -0.16269465723031992
NODE 501 0.9333333333333333 -0.38638641253411954 -0.17203031447364753
NODE 502 1.0666666666666667 -0.40398500159120254 -0.1798657111428178
NODE 503 1.2 -0.41863912104302936 -0.18639014548070887
NODE 504 1.3333333333333333 -0.4306494586808341 -0.1917374923173003
NODE 505 1.4666666666666666 -0.44023244916054255 -0.19600411456990513
NODE 506 1.6 -0.4475440456123432 -0.19925944704564685
NODE 507 1.7333333333333334 -0.4526943192371818 -0.201552496600613
NODE 508 1.8666666666666667 -0.45575654796562914 -0.20291588867149363
NODE 509 2.0 -0.45677272882130066 -0.20336832153789997
NODE 510 2.1333333333333333 -0.45575654796562914 -0.20291588867149363
NODE 511 2.2666666666666666 -0.4526943192371818 -0.201552496600613
NODE 512 2.4 -0.4475440456123432 -0.19925944704564685
NODE 513 2.533333333333333 -0.44023244916054266 -0.19600411456990516
NODE 514 2.6666666666666665 -0.43064945868083415 -0.19173749231730033
NODE 515 2.8 -0.4186391210430294 -0.1863901454807089
NODE 516 2.933333333333333 -0.4039850015912026 -0.17986571114281782
NODE 517 3.0666666666666664 -0.3863864125341196 -0.17203031447364756
NODE 518 3.2 -0.3654181830570404 -0.1626946572303199
NODE 519 3.3333333333333335 -0.34045829063750177 -0.15158179714292624
NODE 520 3.466666666666667 -0.31054574100491156 -0.1382638719957818
NODE 521 3.6 -0.27406363729278027 -0.12202099292273992
NODE 522 3.7333333333333334 -0.2278782739828146 -0.10145794433574683
NODE 523 3.8666666666666667 -0.16398642827381732 -0.07301146186879416
NODE 524 0.13333333333333333 -0.1452229948827233 -0.10551068182660336
NODE 525 0.26666666666666666 -0.2018042942019116 -0.1466194020717944
NODE 526 0.4 -0.2427050983124842 -0.1763355756877419
NODE 527 0.5333333333333333 -0.2750128960764027 -0.1998085647494252
NODE 528 0.6666666666666666 -0.3015028323958246 -0.21905463004963896
NODE 529 0.8 -0.32360679774997897 -0.2351141009169892
NODE 530 0.9333333333333333 -0.34217582882226444 -0.2486052916948576
NODE 531 1.0666666666666667 -0.3577607759150354 -0.2599284185544692
NODE 532 1.2 -0.37073816152288597 -0.2693570411008973
NODE 533 1.3333333333333333 -0.38137426854512285 -0.2770846251849689
NODE 534 1.4666666666666666 -0.38986076704408484 -0.28325042725831845
NODE 535 1.6 -0.396335765891742 -0.28795478928992707
NODE 536 1.7333333333333334 -0.4008967418708986 -0.2912685323079952
NODE 537 1.8666666666666667 -0.4036085884038232 -0.2932388041435888
NODE 538 2.0 -0.40450849718747384 -0.29389262614623657
NODE 539 2.1333333333333333 -0.4036085884038232 -0.2932388041435888
NODE 540 2.2666666666666666 -0.4008967418708986 -0.2912685323079952
NODE 541 2.4 -0.396335765891742 -0.28795478928992707
NODE 542 2.533333333333333 -0.38986076704408495 -0.2832504272583185
NODE 543 2.6666666666666665 -0.3813742685451229 -0.27708462518496896
NODE 544 2.8 -0.370738161522886 -0.26935704110089737
NODE 545 2.933333333333333 -0.3577607759150354 -0.25992841855446924
NODE 546 3.0666666666666664 -0.3421758288222645 -0.24860529169485762
NODE 547 3.2 -0.3236067977499789 -0.23511410091698917
NODE 548 3.3333333333333335 -0.30150283239582454 -0.21905463004963893
NODE 549 3.466666666666667 -0.2750128960764027 -0.1998085647494252
NODE 550 3.6 -0.24270509831248419 -0.17633557568774186
NODE 551 3.7333333333333334 -0.2018042942019116 -0.1466194020717944
NODE 552 3.8666666666666667 -0.1452229948827233 -0.10551068182660336
NODE 553 0.13333333333333333 -0.12011261975800984 -0.13339857869216581
NODE 554 0.26666666666666666 -0.16691049839994326 -0.18537288837935484
NODE 555 0.4 -0.20073918190765752 -0.2229434476432182
NODE 556 0.5333333333333333 -0.2274606679310661 -0.2526206644356491
NODE 557 0.6666666666666666 -0.2493702536073434 -0.2769537244824451
NODE 558 0.8 -0.26765224254354336 -0.2972579301909576
NODE 559 0.9333333333333333 -0.28301051944907935 -0.31431502472845796
NODE 560 1.0666666666666667 -0.2959006876047107 -0.3286310068003549
NODE 561 1.2 -0.30663416534511684 -0.34055174150649054
NODE 562 1.3333333333333333 -0.3154311928372101 -0.3503218303325058
NODE 563 1.4666666666666666 -0.32245029864828306 -0.35811733708919374
NODE 564 1.6 -0.3278057113716625 -0.3640651254818544
NODE 565 1.7333333333333334 -0.3315780531688569 -0.36825473549203175
NODE 566 1.8666666666666667 -0.33382099679988647 -0.3707457767587096
NODE 567 2.0 -0.3345653031794293 -0.37157241273869707
NODE 568 2.1333333333333333 -0.33382099679988647 -0.3707457767587096
NODE 569 2.2666666666666666 -0.3315780531688569 -0.36825473549203175
NODE 570 2.4 -0.3278057113716625 -0.3640651254818544
NODE 571 2.533333333333333 -0.3224502986482832 -0.3581173370891938
NODE 572 2.6666666666666665 -0.31543119283721016 -0.35032183033250586
NODE 573 2.8 -0.3066341653451169 -0.3405517415064906
NODE 574 2.933333333333333 -0.2959006876047107 -0.32863100680035495
NODE 575 3.0666666666666664 -0.28301051944907935 -0.314315024728458
NODE 576 3.2 -0.2676522425435433 -0.29725793019095753
NODE 577 3.3333333333333335 -0.24937025360734338 -0.27695372448244504
NODE 578 3.466666666666667 -0.2274606679310661 -0.2526206644356491
NODE 579 3.6 -0.2007391819076575 -0.22294344764321816
NODE 580 3.7333333333333334 -0.16691049839994326 -0.18537288837935484
NODE 581 3.8666666666666667 -0.12011261975800984 -0.13339857869216581
NODE 582 0.13333333333333333 -0.08975274678557514 -0.1554563175514802
NODE 583 0.26666666666666666 -0.12472191289246481 -0.2160246899469286
NODE 584 0.4 -0.15000000000000013 -0.2598076211353315
NODE 585 0.5333333333333333 -0.16996731711975963 -0.2943920288775948
NODE 586 0.6666666666666666 -0.18633899812498264 -0.32274861218395134
NODE 587 0.8 -0.20000000000000015 -0.34641016151377535
NODE 588 0.9333333333333333 -0.21147629234082552 -0.36628768293059843
NODE 589 1.0666666666666667 -0.22110831935702682 -0.3829708431025351
NODE 590 1.2 -0.2291287847477922 -0.3968626966596885
NODE 591 1.3333333333333333 -0.23570226039551606 -0.40824829046386296
NODE 592 1.4666666666666666 -0.24094720491334953 -0.4173328008516304
NODE 593 1.6 -0.24494897427831805 -0.42426406871192845
NODE 594 1.7333333333333334 -0.24776781245530866 -0.42914643965279103
NODE 595 1.8666666666666667 -0.2494438257849296 -0.43204937989385717
NODE 596 2.0 -0.2500000000000003 -0.43301270189221935
NODE 597 2.1333333333333333 -0.2494438257849296 -0.43204937989385717
NODE 598 2.2666666666666666 -0.24776781245530866 -0.42914643965279103
NODE 599 2.4 -0.24494897427831805 -0.42426406871192845
NODE 600 2.533333333333333 -0.2409472049133496 -0.41733280085163044
NODE 601 2.6666666666666665 -0.2357022603955161 -0.40824829046386296
NODE 602 2.8 -0.22912878474779222 -0.39686269665968854
NODE 603 2.933333333333333 -0.22110831935702685 -0.38297084310253515
NODE 604 3.0666666666666664 -0.21147629234082554 -0.36628768293059843
NODE 605 3.2 -0.20000000000000012 -0.3464101615137753
NODE 606 3.3333333333333335 -0.1863389981249826 -0.3227486121839513
NODE 607 3.466666666666667 -0.16996731711975963 -0.2943920288775948
NODE 608 3.6 -0.1500000000000001 -0.2598076211353315
NODE 609 3.7333333333333334 -0.12472191289246481 -0.2160246899469286
NODE 610 3.8666666666666667 -0.08975274678557514 -0.1554563175514802
NODE 611 0.13333333333333333 -0.05547024809714828 -0.17071986937162012
NODE 612 0.26666666666666666 -0.07708238130944693 -0.23723517596235016
NODE 613 0.4 -0.09270509831248426 -0.285316954888546
NODE 614 0.5333333333333333 -0.10504557895664329 -0.3232970490079041
NODE 615 0.6666666666666666 -0.11516383427084215 -0.35443783681334995
NODE 616 0.8 -0.12360679774997901 -0.38042260651806137
NODE 617 0.9333333333333333 -0.13069953648143917 -0.40225181174536156
NODE 618 1.0666666666666667 -0.1366524565580088 -0.42057301586314
NODE 619 1.2 -0.14160937677509403 -0.43582884761035434
NODE 620 1.3333333333333333 -0.1456720081496071 -0.4483323413093049
NODE 621 1.4666666666666666 -0.14891356213073562 -0.458308818631889
NODE 622 1.6 -0.15138679161342422 -0.46592063629441627
NODE 623 1.7333333333333334 -0.15312892941559023 -0.47128238512763315
NODE 624 1.8666666666666667 -0.15416476261889384 -0.4744703519247003
NODE 625 2.0 -0.1545084971874738 -0.4755282581475769
NODE 626 2.1333333333333333 -0.15416476261889384 -0.4744703519247003
NODE 627 2.2666666666666666 -0.15312892941559023 -0.47128238512763315
NODE 628 2.4 -0.15138679161342422 -0.46592063629441627
NODE 629 2.533333333333333 -0.14891356213073564 -0.4583088186318891
NODE 630 2.6666666666666665 -0.1456720081496071 -0.44833234130930494
NODE 631 2.8 -0.14160937677509403 -0.4358288476103544
NODE 632 2.933333333333333 -0.13665245655800884 -0.42057301586314005
NODE 633 3.0666666666666664 -0.1306995364814392 -0.4022518117453616
NODE 634 3.2 -0.123606797749979 -0.3804226065180613
NODE 635 3.3333333333333335 -0.11516383427084213 -0.3544378368133499
NODE 636 3.466666666666667 -0.10504557895664329 -0.3232970490079041
NODE 637 3.6 -0.09270509831248425 -0.28531695488854597
NODE 638 3.7333333333333334 -0.07708238130944693 -0.23723517596235016
NODE 639 3.8666666666666667 -0.05547024809714828 -0.17071986937162012
NODE 640 0.13333333333333333 -0.018763433391094108 -0.17852214369539762
NODE 641 0.26666666666666666 -0.026073979780903134 -0.24807734640754137
NODE 642 0.4 -0.031358538980296266 -0.298356568610482
NODE 643 0.5333333333333333 -0.035532844928509034 -0.33807243674520715
NODE 644 0.6666666666666666 -0.03895545824167744 -0.3706364271925654
NODE 645 0.8 -0.04181138530706169 -0.39780875814730926
NODE 646 0.9333333333333333 -0.044210583711855336 -0.4206356061685053
NODE 647 1.0666666666666667 -0.04622422567616744 -0.4397941296972872
NODE 648 1.2 -0.04790095952014366 -0.4557471865816064
NODE 649 1.3333333333333333 -0.0492751901357115 -0.46882211750226943
NODE 650 1.4666666666666666 -0.05037168211645798 -0.4792545418282238
NODE 651 1.6 -0.051208279720601456 -0.48721423633557415
NODE 652 1.7333333333333334 -0.0517975773662835 -0.4928210289086084
NODE 653 1.8666666666666667 -0.05214795956180627 -0.4961546928150827
NODE 654 2.0 -0.05226423163382713 -0.49726094768413676
NODE 655 2.1333333333333333 -0.05214795956180627 -0.4961546928150827
NODE 656 2.2666666666666666 -0.0517975773662835 -0.4928210289086084
NODE 657 2.4 -0.051208279720601456 -0.48721423633557415
NODE 658 2.533333333333333 -0.050371682116458 -0.4792545418282239
NODE 659 2.6666666666666665 -0.04927519013571151 -0.4688221175022695
NODE 660 2.8 -0.047900959520143664 -0.45574718658160646
NODE 661 2.933333333333333 -0.04622422567616744 -0.43979412969728726
NODE 662 3.0666666666666664 -0.04421058371185534 -0.42063560616850537
NODE 663 3.2 -0.04181138530706168 -0.3978087581473092
NODE 664 3.3333333333333335 -0.03895545824167744 -0.37063642719256534
NODE 665 3.466666666666667 -0.035532844928509034 -0.33807243674520715
NODE 666 3.6 -0.031358538980296266 -0.29835656861048193
NODE 667 3.7333333333333334 -0.026073979780903134 -0.24807734640754137
NODE 668 3.8666666666666667 -0.018763433391094108 -0.17852214369539762
NODE 669 0.13333333333333333 0.018763433391093882 -0.17852214369539762
NODE 670 0.26666666666666666 0.026073979780902826 -0.2480773464075414
NODE 671 0.4 0.03135853898029589 -0.298356568610482
NODE 672 0.5333333333333333 0.03553284492850861 -0.33807243674520715
NODE 673 0.6666666666666666 0.038955458241676975 -0.37063642719256545
NODE 674 0.8 0.04181138530706119 -0.3978087581473093
NODE 675 0.9333333333333333 0.04421058371185481 -0.42063560616850537
NODE 676 1.0666666666666667 0.04622422567616689 -0.4397941296972872
NODE 677 1.2 0.04790095952014309 -0.45574718658160646
NODE 678 1.3333333333333333 0.04927519013571091 -0.4688221175022695
NODE 679 1.4666666666666666 0.05037168211645738 -0.4792545418282238
NODE 680 1.6 0.05120827972060084 -0.4872142363355742
NODE 681 1.7333333333333334 0.05179757736628288 -0.49282102890860846
NODE 682 1.8666666666666667 0.052147959561805644 -0.49615469281508273
NODE 683 2.0 0.052264231633826506 -0.4972609476841368
NODE 684 2.1333333333333333 0.052147959561805644 -0.49615469281508273
NODE 685 2.2666666666666666 0.05179757736628288 -0.49282102890860846
NODE 686 2.4 0.05120827972060084 -0.4872142363355742
NODE 687 2.533333333333333 0.05037168211645739 -0.4792545418282239
NODE 688 2.6666666666666665 0.04927519013571092 -0.46882211750226954
NODE 689 2.8 0.047900959520143095 -0.4557471865816065
NODE 690 2.933333333333333 0.046224225676166894 -0.43979412969728726
NODE 691 3.0666666666666664 0.044210583711854816 -0.4206356061685054
NODE 692 3.2 0.04181138530706118 -0.39780875814730926
NODE 693 3.3333333333333335 0.038955458241676975 -0.3706364271925654
NODE 694 3.466666666666667 0.03553284492850861 -0.33807243674520715
NODE 695 3.6 0.03135853898029589 -0.29835656861048193
NODE 696 3.7333333333333334 0.026073979780902826 -0.2480773464075414
NODE 697 3.8666666666666667 0.018763433391093882 -0.17852214369539762
NODE 698 0.13333333333333333 0.05547024809714822 -0.17071986937162012
NODE 699 0.26666666666666666 0.07708238130944685 -0.2372351759623502
NODE 700 0.4 0.09270509831248416 -0.2853169548885461
NODE 701 0.5333333333333333 0.10504557895664318 -0.3232970490079042
NODE 702 0.6666666666666666 0.11516383427084202 -0.35443783681335
NODE 703 0.8 0.12360679774997888 -0.3804226065180614
NODE 704 0.9333333333333333 0.13069953648143903 -0.4022518117453616
NODE 705 1.0666666666666667 0.13665245655800867 -0.42057301586314005
NODE 706 1.2 0.14160937677509386 -0.4358288476103544
NODE 707 1.3333333333333333 0.14567200814960693 -0.44833234130930494
NODE 708 1.4666666666666666 0.14891356213073545 -0.45830881863188905
NODE 709 1.6 0.15138679161342405 -0.4659206362944163
NODE 710 1.7333333333333334 0.15312892941559006 -0.4712823851276332
NODE 711 1.8666666666666667 0.15416476261889367 -0.47447035192470033
NODE 712 2.0 0.15450849718747364 -0.47552825814757693
NODE 713 2.1333333333333333 0.15416476261889367 -0.47447035192470033
NODE 714 2.2666666666666666 0.15312892941559006 -0.4712823851276332
NODE 715 2.4 0.15138679161342405 -0.4659206362944163
NODE 716 2.533333333333333 0.14891356213073548 -0.45830881863188916
NODE 717 2.6666666666666665 0.14567200814960696 -0.448332341309305
NODE 718 2.8 0.1416093767750939 -0.43582884761035445
NODE 719 2.933333333333333 0.13665245655800867 -0.4205730158631401
NODE 720 3.0666666666666664 0.13069953648143903 -0.4022518117453617
NODE 721 3.2 0.12360679774997886 -0.38042260651806137
NODE 722 3.3333333333333335 0.11516383427084201 -0.35443783681334995
NODE 723 3.466666666666667 0.10504557895664318 -0.3232970490079042
NODE 724 3.6 0.09270509831248415 -0.285316954888546
NODE 725 3.7333333333333334 0.07708238130944685 -0.2372351759623502
NODE 726 3.8666666666666667 0.05547024809714822 -0.17071986937162012
NODE 727 0.13333333333333333 0.08975274678557507 -0.15545631755148023
NODE 728 0.26666666666666666 0.12472191289246473 -0.21602468994692864
NODE 729 0.4 0.15000000000000002 -0.25980762113533157
NODE 730 0.5333333333333333 0.16996731711975951 -0.29439202887759486
NODE 731 0.6666666666666666 0.1863389981249825 -0.3227486121839514
NODE 732 0.8 0.20000000000000004 -0.3464101615137754
NODE 733 0.9333333333333333 0.21147629234082538 -0.36628768293059843
NODE 734 1.0666666666666667 0.22110831935702668 -0.38297084310253515
NODE 735 1.2 0.22912878474779205 -0.39686269665968854
NODE 736 1.3333333333333333 0.2357022603955159 -0.40824829046386296
NODE 737 1.4666666666666666 0.24094720491334937 -0.4173328008516304
NODE 738 1.6 0.24494897427831788 -0.4242640687119285
NODE 739 1.7333333333333334 0.2477678124553085 -0.4291464396527911
NODE 740 1.8666666666666667 0.24944382578492943 -0.4320493798938572
NODE 741 2.0 0.2500000000000001 -0.4330127018922194
NODE 742 2.1333333333333333 0.24944382578492943 -0.4320493798938572
NODE 743 2.2666666666666666 0.2477678124553085 -0.4291464396527911
NODE 744 2.4 0.24494897427831788 -0.4242640687119285
NODE 745 2.533333333333333 0.24094720491334942 -0.4173328008516305
NODE 746 2.6666666666666665 0.23570226039551592 -0.408248290463863
NODE 747 2.8 0.22912878474779208 -0.3968626966596886
NODE 748 2.933333333333333 0.2211083193570267 -0.3829708431025352
NODE 749 3.0666666666666664 0.2114762923408254 -0.3662876829305985
NODE 750 3.2 0.2 -0.34641016151377535
NODE 751 3.3333333333333335 0.18633899812498247 -0.32274861218395134
NODE 752 3.466666666666667 0.16996731711975951 -0.29439202887759486
NODE 753 3.6 0.15 -0.2598076211353315
NODE 754 3.7333333333333334 0.12472191289246473 -0.21602468994692864
NODE 755 3.8666666666666667 0.08975274678557507 -0.15545631755148023
NODE 756 0.13333333333333333 0.12011261975800984 -0.13339857869216581
NODE 757 0.26666666666666666 0.16691049839994326 -0.18537288837935484
NODE 758 0.4 0.20073918190765752 -0.2229434476432182
NODE 759 0.5333333333333333 0.2274606679310661 -0.2526206644356491
NODE 760 0.6666666666666666 0.2493702536073434 -0.2769537244824451
NODE 761 0.8 0.26765224254354336 -0.2972579301909576
NODE 762 0.9333333333333333 0.28301051944907935 -0.31431502472845796
NODE 763 1.0666666666666667 0.2959006876047107 -0.3286310068003549
NODE 764 1.2 0.30663416534511684 -0.34055174150649054
NODE 765 1.3333333333333333 0.3154311928372101 -0.3503218303325058
NODE 766 1.4666666666666666 0.32245029864828306 -0.35811733708919374
NODE 767 1.6 0.3278057113716625 -0.3640651254818544
NODE 768 1.7333333333333334 0.3315780531688569 -0.36825473549203175
NODE 769 1.8666666666666667 0.33382099679988647 -0.3707457767587096
NODE 770 2.0 0.3345653031794293 -0.37157241273869707
NODE 771 2.1333333333333333 0.33382099679988647 -0.3707457767587096
NODE 772 2.2666666666666666 0.3315780531688569 -0.36825473549203175
NODE 773 2.4 0.3278057113716625 -0.3640651254818544
NODE 774 2.533333333333333 0.3224502986482832 -0.3581173370891938
NODE 775 2.6666666666666665 0.31543119283721016 -0.35032183033250586
NODE 776 2.8 0.3066341653451169 -0.3405517415064906
NODE 777 2.933333333333333 0.2959006876047107 -0.32863100680035495
NODE 778 3.0666666666666664 0.28301051944907935 -0.314315024728458
NODE 779 3.2 0.2676522425435433 -0.29725793019095753
NODE 780 3.3333333333333335 0.24937025360734338 -0.27695372448244504
NODE 781 3.466666666666667 0.2274606679310661 -0.2526206644356491
NODE 782 3.6 0.2007391819076575 -0.22294344764321816
NODE 783 3.7333333333333334 0.16691049839994326 -0.18537288837935484
NODE 784 3.8666666666666667 0.12011261975800984 -0.13339857869216581
NODE 785 0.13333333333333333 0.1452229948827233 -0.10551068182660342
NODE 786 0.26666666666666666 0.20180429420191157 -0.1466194020717945
NODE 787 0.4 0.24270509831248419 -0.176335575687742
NODE 788 0.5333333333333333 0.2750128960764027 -0.19980856474942532
NODE 789 0.6666666666666666 0.30150283239582454 -0.2190546300496391
NODE 790 0.8 0.3236067977499789 -0.2351141009169893
NODE 791 0.9333333333333333 0.3421758288222644 -0.24860529169485773
NODE 792 1.0666666666666667 0.35776077591503536 -0.25992841855446935
NODE 793 1.2 0.3707381615228859 -0.2693570411008975
NODE 794 1.3333333333333333 0.3813742685451228 -0.27708462518496907
NODE 795 1.4666666666666666 0.3898607670440848 -0.2832504272583186
NODE 796 1.6 0.39633576589174196 -0.28795478928992724
NODE 797 1.7333333333333334 0.4008967418708985 -0.2912685323079954
NODE 798 1.8666666666666667 0.40360858840382313 -0.293238804143589
NODE 799 2.0 0.4045084971874738 -0.29389262614623674
NODE 800 2.1333333333333333 0.40360858840382313 -0.293238804143589
NODE 801 2.2666666666666666 0.4008967418708985 -0.2912685323079954
NODE 802 2.4 0.39633576589174196 -0.28795478928992724
NODE 803 2.533333333333333 0.3898607670440849 -0.28325042725831867
NODE 804 2.6666666666666665 0.38137426854512285 -0.27708462518496907
NODE 805 2.8 0.37073816152288597 -0.26935704110089753
NODE 806 2.933333333333333 0.3577607759150354 -0.25992841855446935
NODE 807 3.0666666666666664 0.34217582882226444 -0.24860529169485776
NODE 808 3.2 0.32360679774997886 -0.23511410091698928
NODE 809 3.3333333333333335 0.3015028323958245 -0.21905463004963904
NODE 810 3.466666666666667 0.2750128960764027 -0.19980856474942532
NODE 811 3.6 0.24270509831248416 -0.17633557568774197
NODE 812 3.7333333333333334 0.20180429420191157 -0.1466194020717945
NODE 813 3.8666666666666667 0.1452229948827233 -0.10551068182660342
NODE 814 0.13333333333333333 0.1639864282738173 -0.07301146186879422
NODE 815 0.26666666666666666 0.22787827398281457 -0.10145794433574691
NODE 816 0.4 0.27406363729278027 -0.12202099292274005
NODE 817 0.5333333333333333 0.31054574100491156 -0.1382638719957819
NODE 818 0.6666666666666666 0.34045829063750177 -0.15158179714292638
NODE 819 0.8 0.3654181830570404 -0.16269465723032006
NODE 820 0.9333333333333333 0.3863864125341195 -0.17203031447364767
NODE 821 1.0666666666666667 0.40398500159120254 -0.17986571114281794
NODE 822 1.2 0.4186391210430293 -0.18639014548070904
NODE 823 1.3333333333333333 0.43064945868083404 -0.19173749231730047
NODE 824 1.4666666666666666 0.4402324491605425 -0.19600411456990527
NODE 825 1.6 0.4475440456123431 -0.19925944704564702
NODE 826 1.7333333333333334 0.45269431923718173 -0.20155249660061317
NODE 827 1.8666666666666667 0.4557565479656291 -0.2029158886714938
NODE 828 2.0 0.4567727288213006 -0.20336832153790013
NODE 829 2.1333333333333333 0.4557565479656291 -0.2029158886714938
NODE 830 2.2666666666666666 0.45269431923718173 -0.20155249660061317
NODE 831 2.4 0.4475440456123431 -0.19925944704564702
NODE 832 2.533333333333333 0.4402324491605426 -0.19600411456990532
NODE 833 2.6666666666666665 0.4306494586808341 -0.19173749231730047
NODE 834 2.8 0.41863912104302936 -0.18639014548070906
NODE 835 2.933333333333333 0.40398500159120254 -0.17986571114281796
NODE 836 3.0666666666666664 0.38638641253411954 -0.1720303144736477
NODE 837 3.2 0.3654181830570403 -0.16269465723032003
NODE 838 3.3333333333333335 0.3404582906375017 -0.15158179714292636
NODE 839 3.466666666666667 0.31054574100491156 -0.1382638719957819
NODE 840 3.6 0.2740636372927802 -0.12202099292274002
NODE 841 3.7333333333333334 0.22787827398281457 -0.10145794433574691
NODE 842 3.8666666666666667 0.1639864282738173 -0.07301146186879422
NODE 843 0.13333333333333333 0.17558286785515806 -0.03732129067945435
NODE 844 0.26666666666666666 0.2439928797093901 -0.0518622875829954
NODE 845 0.4 0.2934442802201417 -0.06237350724532796
NODE 846 0.5333333333333333 0.33250624688770924 -0.07067638457225515
NODE 847 0.6666666666666666 0.3645340878781854 -0.07748411233090498
NODE 848 0.8 0.3912590402935222 -0.08316467632710395
NODE 849 0.9333333333333333 0.4137100559305183 -0.08793678701690374
NODE 850 1.0666666666666667 0.43255314416271934 -0.09194200906278525
NODE 851 1.2 0.44824354212021067 -0.09527710610386396
NODE 852 1.3333333333333333 0.461103200986817 -0.09801051097679923
NODE 853 1.4666666666666666 0.4713638607790185 -0.10019148154269543
NODE 854 1.6 0.4791925029850865 -0.10185551081256206
NODE 855 1.7333333333333334 0.4847069825844469 -0.1030276496356016
NODE 856 1.8666666666666667 0.48798575941878014 -0.10372457516599079
NODE 857 2.0 0.4890738003669029 -0.10395584540887996
NODE 858 2.1333333333333333 0.48798575941878014 -0.10372457516599079
NODE 859 2.2666666666666666 0.4847069825844469 -0.1030276496356016
NODE 860 2.4 0.4791925029850865 -0.10185551081256206
NODE 861 2.533333333333333 0.4713638607790186 -0.10019148154269546
NODE 862 2.6666666666666665 0.46110320098681706 -0.09801051097679925
NODE 863 2.8 0.4482435421202107 -0.09527710610386397
NODE 864 2.933333333333333 0.4325531441627194 -0.09194200906278527
NODE 865 3.0666666666666664 0.41371005593051835 -0.08793678701690376
NODE 866 3.2 0.39125904029352215 -0.08316467632710393
NODE 867 3.3333333333333335 0.36453408787818536 -0.07748411233090498
NODE 868 3.466666666666667 0.33250624688770924 -0.07067638457225515
NODE 869 3.6 0.29344428022014163 -0.06237350724532795
NODE 870 3.7333333333333334 0.2439928797093901 -0.0518622875829954
NODE 871 3.8666666666666667 0.17558286785515806 -0.03732129067945435
DOUBLET 0 0 31 1
DOUBLET 1 1 31 32 2
DOUBLET 2 2 32 33 3
DOUBLET 3 3 33 34 4
DOUBLET 4 4 34 35 5
DOUBLET 5 5 35 36 6
DOUBLET 6 6 36 37 7
DOUBLET 7 7 37 38 8
DOUBLET 8 8 38 39 9
DOUBLET 9 9 39 40 10
DOUBLET 10 10 40 41 11
DOUBLET 11 11 41 42 12
DOUBLET 12 12 42 43 13
DOUBLET 13 13 43 44 14
DOUBLET 14 14 44 45 15
DOUBLET 15 15 45 46 16
DOUBLET 16 16 46 47 17
DOUBLET 17 17 47 48 18
DOUBLET 18 18 48 49 19
DOUBLET 19 19 49 50 20
DOUBLET 20 20 50 51 21
DOUBLET 21 21 51 52 22
DOUBLET 22 22 52 53 23
DOUBLET 23 23 53 54 24
DOUBLET 24 24 54 55 25
DOUBLET 25 25 55 56 26
DOUBLET 26 26 56 57 27
DOUBLET 27 27 57 58 28
DOUBLET 28 28 58 59 29
DOUBLET 29 29 59 30
DOUBLET 30 0 60 31
DOUBLET 31 31 60 61 32
DOUBLET 32 32 61 62 33
DOUBLET 33 33 62 63 34
DOUBLET 34 34 63 64 35
DOUBLET 35 35 64 65 36
DOUBLET 36 36 65 66 37
DOUBLET 37 37 66 67 38
DOUBLET 38 38 67 68 39
DOUBLET 39 39 68 69 40
DOUBLET 40 40 69 70 41
DOUBLET 41 41 70 71 42
DOUBLET 42 42 71 72 43
DOUBLET 43 43 72 73 44
DOUBLET 44 44 73 74 45
DOUBLET 45 45 74 75 46
DOUBLET 46 46 75 76 47
DOUBLET 47 47 76 77 48
DOUBLET 48 48 77 78 49
DOUBLET 49 49 78 79 50
DOUBLET 50 50 79 80 51
DOUBLET 51 51 80 81 52
DOUBLET 52 52 81 82 53
DOUBLET 53 53 82 83 54
DOUBLET 54 54 83 84 55
DOUBLET 55 55 84 85 56
DOUBLET 56 56 85 86 57
DOUBLET 57 57 86 87 58
DOUBLET 58 58 87 88 59
DOUBLET 59 59 88 30
DOUBLET 60 0 89 60
DOUBLET 61 60 89 90 61
DOUBLET 62 61 90 91 62
DOUBLET 63 62 91 92 63
DOUBLET 64 63 92 93 64
DOUBLET 65 64 93 94 65
DOUBLET 66 65 94 95 66
DOUBLET 67 66 95 96 67
DOUBLET 68 67 96 97 68
DOUBLET 69 68 97 98 69
DOUBLET 70 69 98 99 70
DOUBLET 71 70 99 100 71
DOUBLET 72 71 100 101 72
DOUBLET 73 72 101 102 73
DOUBLET 74 73 102 103 74
DOUBLET 75 74 103 104 75
DOUBLET 76 75 104 105 76
DOUBLET 77 76 105 106 77
DOUBLET 78 77 106 107 78
DOUBLET 79 78 107 108 79
DOUBLET 80 79 108 109 80
DOUBLET 81 80 109 110 81
DOUBLET 82 81 110 111 82
DOUBLET 83 82 111 112 83
DOUBLET 84 83 112 113 84
DOUBLET 85 84 113 114 85
DOUBLET 86 85 114 115 86
DOUBLET 87 86 115 116 87
DOUBLET 88 87 116 117 88
DOUBLET 89 88 117 30
DOUBLET 90 0 118 89
DOUBLET 91 89 118 119 90
DOUBLET 92 90 119 120 91
DOUBLET 93 91 120 121 92
DOUBLET 94 92 121 122 93
DOUBLET 95 93 122 123 94
DOUBLET 96 94 123 124 95
DOUBLET 97 95 124 125 96
DOUBLET 98 96 125 126 97
DOUBLET 99 97 126 127 98
DOUBLET 100 98 127 128 99
DOUBLET 101 99 128 129 100
DOUBLET 102 100 129 130 101
DOUBLET 103 101 130 131 102
DOUBLET 104 102 131 132 103
DOUBLET 105 103 132 133 104
DOUBLET 106 104 133 134 105
DOUBLET 107 105 134 135 106
DOUBLET 108 106 135 136 107
DOUBLET 109 107 136 137 108
DOUBLET 110 108 137 138 109
DOUBLET 111 109 138 139 110
DOUBLET 112 110 139 140 111
DOUBLET 113 111 140 141 112
DOUBLET 114 112 141 142 113
DOUBLET 115 113 142 143 114
DOUBLET 116 114 143 144 115
DOUBLET 117 115 144 145 116
DOUBLET 118 116 145 146 117
DOUBLET 119 117 146 30
DOUBLET 120 0 147 118
DOUBLET 121 118 147 148 119
DOUBLET 122 119 148 149 120
DOUBLET 123 120 149 150 121
DOUBLET 124 121 150 151 122
DOUBLET 125 122 151 152 123
DOUBLET 126 123 152 153 124
DOUBLET 127 124 153 154 125
DOUBLET 128 125 154 155 126
DOUBLET 129 126 155 156 127
DOUBLET 130 127 156 157 128
DOUBLET 131 128 157 158 129
DOUBLET 132 129 158 159 130
DOUBLET 133 130 159 160 131
DOUBLET 134 131 160 161 132
DOUBLET 135 132 161 162 133
DOUBLET 136 133 162 163 134
DOUBLET 137 134 163 164 135
DOUBLET 138 135 164 165 136
DOUBLET 139 136 165 166 137
DOUBLET 140 137 166 167 138
DOUBLET 141 138 167 168 139
DOUBLET 142 139 168 169 140
DOUBLET 143 140 169 170 141
DOUBLET 144 141 170 171 142
DOUBLET 145 142 171 172 143
DOUBLET 146 143 172 173 144
DOUBLET 147 144 173 174 145
DOUBLET 148 145 174 175 146
DOUBLET 149 146 175 30
DOUBLET 150 0 176 147
DOUBLET 151 147 176 177 148
DOUBLET 152 148 177 178 149
DOUBLET 153 149 178 179 150
DOUBLET 154 150 179 180 151
DOUBLET 155 151 180 181 152
DOUBLET 156 152 181 182 153
DOUBLET 157 153 182 183 154
DOUBLET 158 154 183 184 155
DOUBLET 159 155 184 185 156
DOUBLET 160 156 185 186 157
DOUBLET 161 157 186 187 158
DOUBLET 162 158 187 188 159
DOUBLET 163 159 188 189 160
DOUBLET 164 160 189 190 161
DOUBLET 165 161 190 191 162
DOUBLET 166 162 191 192 163
DOUBLET 167 163 192 193 164
DOUBLET 168 164 193 194 165
DOUBLET 169 165 194 195 166
DOUBLET 170 166 195 196 167
DOUBLET 171 167 196 197 168
DOUBLET 172 168 197 198 169
DOUBLET 173 169 198 199 170
DOUBLET 174 170 199 200 171
DOUBLET 175 171 200 201 172
DOUBLET 176 172 201 202 173
DOUBLET 177 173 202 203 174
DOUBLET 178 174 203 204 175
DOUBLET 179 175 204 30
DOUBLET 180 0 205 176
DOUBLET 181 176 205 206 177
DOUBLET 182 177 206 207 178
DOUBLET 183 178 207 208 179
DOUBLET 184 179 208 209 180
DOUBLET 185 180 209 210 181
DOUBLET 186 181 210 211 182
DOUBLET 187 182 211 212 183
DOUBLET 188 183 212 213 184
DOUBLET 189 184 213 214 185
DOUBLET 190 185 214 215 186
DOUBLET 191 186 215 216 187
DOUBLET 192 187 216 217 188
DOUBLET 193 188 217 218 189
DOUBLET 194 189 218 219 190
DOUBLET 195 190 219 220 191
DOUBLET 196 191 220 221 192
DOUBLET 197 192 221 222 193
DOUBLET 198 193 222 223 194
DOUBLET 199 194 223 224 195
DOUBLET 200 195 224 225 196
DOUBLET 201 196 225 226 197
DOUBLET 202 197 226 227 198
DOUBLET 203 198 227 228 199
DOUBLET 204 199 228 229 200
DOUBLET 205 200 229 230 201
DOUBLET 206 201 230 231 202
DOUBLET 207 202 231 232 203
DOUBLET 208 203 232 233 204
DOUBLET 209 204 233 30
DOUBLET 210 0 234 205
DOUBLET 211 205 234 235 206
DOUBLET 212 206 235 236 207
DOUBLET 213 207 236 237 208
DOUBLET 214 208 237 238 209
DOUBLET 215 209 238 239 210
DOUBLET 216 210 239 240 211
DOUBLET 217 211 240 241 212
DOUBLET 218 212 241 242 213
DOUBLET 219 213 242 243 214
DOUBLET 220 214 243 244 215
DOUBLET 221 215 244 245 216
DOUBLET 222 216 245 246 217
DOUBLET 223 217 246 247 218
DOUBLET 224 218 247 248 219
DOUBLET 225 219 248 249 220
DOUBLET 226 220 249 250 221
DOUBLET 227 221 250 251 222
DOUBLET 228 222 251 252 223
DOUBLET 229 223 252 253 224
DOUBLET 230 224 253 254 225
DOUBLET 231 225 254 255 226
DOUBLET 232 226 255 256 227
DOUBLET 233 227 256 257 228
DOUBLET 234 228 257 258 229
DOUBLET 235 229 258 259 230
DOUBLET 236 230 259 260 231
DOUBLET 237 231 260 261 232
DOUBLET 238 232 261 262 233
DOUBLET 239 233 262 30
DOUBLET 240 0 263 234
DOUBLET 241 234 263 264 235
DOUBLET 242 235 264 265 236
DOUBLET 243 236 265 266 237
DOUBLET 244 237 266 267 238
DOUBLET 245 238 267 268 239
DOUBLET 246 239 268 269 240
DOUBLET 247 240 269 270 241
DOUBLET 248 241 270 271 242
DOUBLET 249 242 271 272 243
DOUBLET 250 243 272 273 244
DOUBLET 251 244 273 274 245
DOUBLET 252 245 274 275 246
DOUBLET 253 246 275 276 247
DOUBLET 254 247 276 277 248
DOUBLET 255 248 277 278 249
DOUBLET 256 249 278 279 250
DOUBLET 257 250 279 280 251
DOUBLET 258 251 280 281 252
DOUBLET 259 252 281 282 253
DOUBLET 260 253 282 283 254
DOUBLET 261 254 283 284 255
DOUBLET 262 255 284 285 256
DOUBLET 263 256 285 286 257
DOUBLET 264 257 286 287 258
DOUBLET 265 258 287 288 259
DOUBLET 266 259 288 289 260
DOUBLET 267 260 289 290 261
DOUBLET 268 261 290 291 262
DOUBLET 269 262 291 30
DOUBLET 270 0 292 263
DOUBLET 271 263 292 293 264
DOUBLET 272 264 293 294 265
DOUBLET 273 265 294 295 266
DOUBLET 274 266 295 296 267
DOUBLET 275 267 296 297 268
DOUBLET 276 268 297 298 269
DOUBLET 277 269 298 299 270
DOUBLET 278 270 299 300 271
DOUBLET 279 271 300 301 272
DOUBLET 280 272 301 302 273
DOUBLET 281 273 302 303 274
DOUBLET 282 274 303 304 275
DOUBLET 283 275 304 305 276
DOUBLET 284 276 305 306 277
DOUBLET 285 277 306 307 278
DOUBLET 286 278 307 308 279
DOUBLET 287 279 308 309 280
DOUBLET 288 280 309 310 281
DOUBLET 289 281 310 311 282
DOUBLET 290 282 311 312 283
DOUBLET 291 283 312 313 284
DOUBLET 292 284 313 314 285
DOUBLET 293 285 314 315 286
DOUBLET 294 286 315 316 287
DOUBLET 295 287 316 317 288
DOUBLET 296 288 317 318 289
DOUBLET 297 289 318 319 290
DOUBLET 298 290 319 320 291
DOUBLET 299 291 320 30
DOUBLET 300 0 321 292
DOUBLET 301 292 321 322 293
DOUBLET 302 293 322 323 294
DOUBLET 303 294 323 324 295
DOUBLET 304 295 324 325 296
DOUBLET 305 296 325 326 297
DOUBLET 306 297 326 327 298
DOUBLET 307 298 327 328 299
DOUBLET 308 299 328 329 300
DOUBLET 309 300 329 330 301
DOUBLET 310 301 330 331 302
DOUBLET 311 302 331 332 303
DOUBLET 312 303 332 333 304
DOUBLET 313 304 333 334 305
DOUBLET 314 305 334 335 306
DOUBLET 315 306 335 336 307
DOUBLET 316 307 336 337 308
DOUBLET 317 308 337 338 309
DOUBLET 318 309 338 339 310
DOUBLET 319 310 339 340 311
DOUBLET 320 311 340 341 312
DOUBLET 321 312 341 342 313
DOUBLET 322 313 342 343 314
DOUBLET 323 314 343 344 315
DOUBLET 324 315 344 345 316
DOUBLET 325 316 345 346 317
DOUBLET 326 317 346 347 318
DOUBLET 327 318 347 348 319
DOUBLET 328 319 348 349 320
DOUBLET 329 320 349 30
DOUBLET 330 0 350 321
DOUBLET 331 321 350 351 322
DOUBLET 332 322 351 352 323
DOUBLET 333 323 352 353 324
DOUBLET 334 324 353 354 325
DOUBLET 335 325 354 355 326
DOUBLET 336 326 355 356 327
DOUBLET 337 327 356 357 328
DOUBLET 338 328 357 358 329
DOUBLET 339 329 358 359 330
DOUBLET 340 330 359 360 331
DOUBLET 341 331 360 361 332
DOUBLET 342 332 361 362 333
DOUBLET 343 333 362 363 334
DOUBLET 344 334 363 364 335
DOUBLET 345 335 364 365 336
DOUBLET 346 336 365 366 337
DOUBLET 347 337 366 367 338
DOUBLET 348 338 367 368 339
DOUBLET 349 339 368 369 340
DOUBLET 350 340 369 370 341
DOUBLET 351 341 370 371 342
DOUBLET 352 342 371 372 343
DOUBLET 353 343 372 373 344
DOUBLET 354 344 373 374 345
DOUBLET 355 345 374 375 346
DOUBLET 356 346 375 376 347
DOUBLET 357 347 376 377 348
DOUBLET 358 348 377 378 349
DOUBLET 359 349 378 30
DOUBLET 360 0 379 350
DOUBLET 361 350 379 380 351
DOUBLET 362 351 380 381 352
DOUBLET 363 352 381 382 353
DOUBLET 364 353 382 383 354
DOUBLET 365 354 383 384 355
DOUBLET 366 355 384 385 356
DOUBLET 367 356 385 386 357
DOUBLET 368 357 386 387 358
DOUBLET 369 358 387 388 359
DOUBLET 370 359 388 389 360
DOUBLET 371 360 389 390 361
DOUBLET 372 361 390 391 362
DOUBLET 373 362 391 392 363
DOUBLET 374 363 392 393 364
DOUBLET 375 364 393 394 365
DOUBLET 376 365 394 395 366
DOUBLET 377 366 395 396 367
DOUBLET 378 367 396 397 368
DOUBLET 379 368 397 398 369
DOUBLET 380 369 398 399 370
DOUBLET 381 370 399 400 371
DOUBLET 382 371 400 401 372
DOUBLET 383 372 401 402 373
DOUBLET 384 373 402 403 374
DOUBLET 385 374 403 404 375
DOUBLET 386 375 404 405 376
DOUBLET 387 376 405 406 377
DOUBLET 388 377 406 407 378
DOUBLET 389 378 407 30
DOUBLET 390 0 408 379
DOUBLET 391 379 408 409 380
DOUBLET 392 380 409 410 381
DOUBLET 393 381 410 411 382
DOUBLET 394 382 411 412 383
DOUBLET 395 383 412 413 384
DOUBLET 396 384 413 414 385
DOUBLET 397 385 414 415 386
DOUBLET 398 386 415 416 387
DOUBLET 399 387 416 417 388
DOUBLET 400 388 417 418 389
DOUBLET 401 389 418 419 390
DOUBLET 402 390 419 420 391
DOUBLET 403 391 420 421 392
DOUBLET 404 392 421 422 393
DOUBLET 405 393 422 423 394
DOUBLET 406 394 423 424 395
DOUBLET 407 395 424 425 396
DOUBLET 408 396 425 426 397
DOUBLET 409 397 426 427 398
DOUBLET 410 398 427 428 399
DOUBLET 411 399 428 429 400
DOUBLET 412 400 429 430 401
DOUBLET 413 401 430 431 402
DOUBLET 414 402 431 432 403
DOUBLET 415 403 432 433 404
DOUBLET 416 404 433 434 405
DOUBLET 417 405 434 435 406
DOUBLET 418 406 435 436 407
DOUBLET 419 407 436 30
DOUBLET 420 0 437 408
DOUBLET 421 408 437 438 409
DOUBLET 422 409 438 439 410
DOUBLET 423 410 439 440 411
DOUBLET 424 411 440 441 412
DOUBLET 425 412 441 442 413
DOUBLET 426 413 442 443 414
DOUBLET 427 414 443 444 415
DOUBLET 428 415 444 445 416
DOUBLET 429 416 445 446 417
DOUBLET 430 417 446 447 418
DOUBLET 431 418 447 448 419
DOUBLET 432 419 448 449 420
DOUBLET 433 420 449 450 421
DOUBLET 434 421 450 451 422
DOUBLET 435 422 451 452 423
DOUBLET 436 423 452 453 424
DOUBLET 437 424 453 454 425
DOUBLET 438 425 454 455 426
DOUBLET 439 426 455 456 427
DOUBLET 440 427 456 457 428
DOUBLET 441 428 457 458 429
DOUBLET 442 429 458 459 430
DOUBLET 443 430 459 460 431
DOUBLET 444 431 460 461 432
DOUBLET 445 432 461 462 433
DOUBLET 446 433 462 463 434
DOUBLET 447 434 463 464 435
DOUBLET 448 435 464 465 436
DOUBLET 449 436 465 30
DOUBLET 450 0 466 437
DOUBLET 451 437 466 467 438
DOUBLET 452 438 467 468 439
DOUBLET 453 439 468 469 440
DOUBLET 454 440 469 470 441
DOUBLET 455 441 470 471 442
DOUBLET 456 442 471 472 443
DOUBLET 457 443 472 473 444
DOUBLET 458 444 473 474 445
DOUBLET 459 445 474 475 446
DOUBLET 460 446 475 476 447
DOUBLET 461 447 476 477 448
DOUBLET 462 448 477 478 449
DOUBLET 463 449 478 479 450
DOUBLET 464 450 479 480 451
DOUBLET 465 451 480 481 452
DOUBLET 466 452 481 482 453
DOUBLET 467 453 482 483 454
DOUBLET 468 454 483 484 455
DOUBLET 469 455 484 485 456
DOUBLET 470 456 485 486 457
DOUBLET 471 457 486 487 458
DOUBLET 472 458 487 488 459
DOUBLET 473 459 488 489 460
DOUBLET 474 460 489 490 461
DOUBLET 475 461 490 491 462
DOUBLET 476 462 491 492 463
DOUBLET 477 463 492 493 464
DOUBLET 478 464 493 494 465
DOUBLET 479 465 494 30
DOUBLET 480 0 495 466
DOUBLET 481 466 495 496 467
DOUBLET 482 467 496 497 468
DOUBLET 483 468 497 498 469
DOUBLET 484 469 498 499 470
DOUBLET 485 470 499 500 471
DOUBLET 486 471 500 501 472
DOUBLET 487 472 501 502 473
DOUBLET 488 473 502 503 474
DOUBLET 489 474 503 504 475
DOUBLET 490 475 504 505 476
DOUBLET 491 476 505 506 477
DOUBLET 492 477 506 507 478
DOUBLET 493 478 507 508 479
DOUBLET 494 479 508 509 480
DOUBLET 495 480 509 510 481
DOUBLET 496 481 510 511 482
DOUBLET 497 482 511 512 483
DOUBLET 498 483 512 513 484
DOUBLET 499 484 513 514 485
DOUBLET 500 485 514 515 486
DOUBLET 501 486 515 516 487
DOUBLET 502 487 516 517 488
DOUBLET 503 488 517 518 489
DOUBLET 504 489 518 519 490
DOUBLET 505 490 519 520 491
DOUBLET 506 491 520 521 492
DOUBLET 507 492 521 522 493
DOUBLET 508 493 522 523 494
DOUBLET 509 494 523 30
DOUBLET 510 0 524 495
DOUBLET 511 495 524 525 496
DOUBLET 512 496 525 526 497
DOUBLET 513 497 526 527 498
DOUBLET 514 498 527 528 499
DOUBLET 515 499 528 529 500
DOUBLET 516 500 529 530 501
DOUBLET 517 501 530 531 502
DOUBLET 518 502 531 532 503
DOUBLET 519 503 532 533 504
DOUBLET 520 504 533 534 505
DOUBLET 521 505 534 535 506
DOUBLET 522 506 535 536 507
DOUBLET 523 507 536 537 508
DOUBLET 524 508 537 538 509
DOUBLET 525 509 538 539 510
DOUBLET 526 510 539 540 511
DOUBLET 527 511 540 541 512
DOUBLET 528 512 541 542 513
DOUBLET 529 513 542 543 514
DOUBLET 530 514 543 544 515
DOUBLET 531 515 544 545 516
DOUBLET 532 516 545 546 517
DOUBLET 533 517 546 547 518
DOUBLET 534 518 547 548 519
DOUBLET 535 519 548 549 520
DOUBLET 536 520 549 550 521
DOUBLET 537 521 550 551 522
DOUBLET 538 522 551 552 523
DOUBLET 539 523 552 30
DOUBLET 540 0 553 524
DOUBLET 541 524 553 554 525
DOUBLET 542 525 554 555 526
DOUBLET 543 526 555 556 527
DOUBLET 544 527 556 557 528
DOUBLET 545 528 557 558 529
DOUBLET 546 529 558 559 530
DOUBLET 547 530 559 560 531
DOUBLET 548 531 560 561 532
DOUBLET 549 532 561 562 533
DOUBLET 550 533 562 563 534
DOUBLET 551 534 563 564 535
DOUBLET 552 535 564 565 536
DOUBLET 553 536 565 566 537
DOUBLET 554 537 566 567 538
DOUBLET 555 538 567 568 539
DOUBLET 556 539 568 569 540
DOUBLET 557 540 569 570 541
DOUBLET 558 541 570 571 542
DOUBLET 559 542 571 572 543
DOUBLET 560 543 572 573 544
DOUBLET 561 544 573 574 545
DOUBLET 562 545 574 575 546
DOUBLET 563 546 575 576 547
DOUBLET 564 547 576 577 548
DOUBLET 565 548 577 578 549
DOUBLET 566 549 578 579 550
DOUBLET 567 550 579 580 551
DOUBLET 568 551 580 581 552
DOUBLET 569 552 581 30
DOUBLET 570 0 582 553
DOUBLET 571 553 582 583 554
DOUBLET 572 554 583 584 555
DOUBLET 573 555 584 585 556
DOUBLET 574 556 585 586 557
DOUBLET 575 557 586 587 558
DOUBLET 576 558 587 588 559
DOUBLET 577 559 588 589 560
DOUBLET 578 560 589 590 561
DOUBLET 579 561 590 591 562
DOUBLET 580 562 591 592 563
DOUBLET 581 563 592 593 564
DOUBLET 582 564 593 594 565
DOUBLET 583 565 594 595 566
DOUBLET 584 566 595 596 567
DOUBLET 585 567 596 597 568
DOUBLET 586 568 597 598 569
DOUBLET 587 569 598 599 570
DOUBLET 588 570 599 600 571
DOUBLET 589 571 600 601 572
DOUBLET 590 572 601 602 573
DOUBLET 591 573 602 603 574
DOUBLET 592 574 603 604 575
DOUBLET 593 575 604 605 576
DOUBLET 594 576 605 606 577
DOUBLET 595 577 606 607 578
DOUBLET 596 578 607 608 579
DOUBLET 597 579 608 609 580
DOUBLET 598 580 609 610 581
DOUBLET 599 581 610 30
DOUBLET 600 0 611 582
DOUBLET 601 582 611 612 583
DOUBLET 602 583 612 613 584
DOUBLET 603 584 613 614 585
DOUBLET 604 585 614 615 586
DOUBLET 605 586 615 616 587
DOUBLET 606 587 616 617 588
DOUBLET 607 588 617 618 589
DOUBLET 608 589 618 619 590
DOUBLET 609 590 619 620 591
DOUBLET 610 591 620 621 592
DOUBLET 611 592 621 622 593
DOUBLET 612 593 622 623 594
DOUBLET 613 594 623 624 595
DOUBLET 614 595 624 625 596
DOUBLET 615 596 625 626 597
DOUBLET 616 597 626 627 598
DOUBLET 617 598 627 628 599
DOUBLET 618 599 628 629 600
DOUBLET 619 600 629 630 601
DOUBLET 620 601 630 631 602
DOUBLET 621 602 631 632 603
DOUBLET 622 603 632 633 604
DOUBLET 623 604 633 634 605
DOUBLET 624 605 634 635 606
DOUBLET 625 606 635 636 607
DOUBLET 626 607 636 637 608
DOUBLET 627 608 637 638 609
DOUBLET 628 609 638 639 610
DOUBLET 629 610 639 30
DOUBLET 630 0 640 611
DOUBLET 631 611 640 641 612
DOUBLET 632 612 641 642 613
DOUBLET 633 613 642 643 614
DOUBLET 634 614 643 644 615
DOUBLET 635 615 644 645 616
DOUBLET 636 616 645 646 617
DOUBLET 637 617 646 647 618
DOUBLET 638 618 647 648 619
DOUBLET 639 619 648 649 620
DOUBLET 640 620 649 650 621
DOUBLET 641 621 650 651 622
DOUBLET 642 622 651 652 623
DOUBLET 643 623 652 653 624
DOUBLET 644 624 653 654 625
DOUBLET 645 625 654 655 626
DOUBLET 646 626 655 656 627
DOUBLET 647 627 656 657 628
DOUBLET 648 628 657 658 629
DOUBLET 649 629 658 659 630
DOUBLET 650 630 659 660 631
DOUBLET 651 631 660 661 632
DOUBLET 652 632 661 662 633
DOUBLET 653 633 662 663 634
DOUBLET 654 634 663 664 635
DOUBLET 655 635 664 665 636
DOUBLET 656 636 665 666 637
DOUBLET 657 637 666 667 638
DOUBLET 658 638 667 668 639
DOUBLET 659 639 668 30
DOUBLET 660 0 669 640
DOUBLET 661 640 669 670 641
DOUBLET 662 641 670 671 642
DOUBLET 663 642 671 672 643
DOUBLET 664 643 672 673 644
DOUBLET 665 644 673 674 645
DOUBLET 666 645 674 675 646
DOUBLET 667 646 675 676 647
DOUBLET 668 647 676 677 648
DOUBLET 669 648 677 678 649
DOUBLET 670 649 678 679 650
DOUBLET 671 650 679 680 651
DOUBLET 672 651 680 681 652
DOUBLET 673 652 681 682 653
DOUBLET 674 653 682 683 654
DOUBLET 675 654 683 684 655
DOUBLET 676 655 684 685 656
DOUBLET 677 656 685 686 657
DOUBLET 678 657 686 687 658
DOUBLET 679 658 687 688 659
DOUBLET 680 659 688 689 660
DOUBLET 681 660 689 690 661
DOUBLET 682 661 690 691 662
DOUBLET 683 662 691 692 663
DOUBLET 684 663 692 693 664
DOUBLET 685 664 693 694 665
DOUBLET 686 665 694 695 666
DOUBLET 687 666 695 696 667
DOUBLET 688 667 696 697 668
DOUBLET 689 668 697 30
DOUBLET 690 0 698 669
DOUBLET 691 669 698 699 670
DOUBLET 692 670 699 700 671
DOUBLET 693 671 700 701 672
DOUBLET 694 672 701 702 673
DOUBLET 695 673 702 703 674
DOUBLET 696 674 703 704 675
DOUBLET 697 675 704 705 676
DOUBLET 698 676 705 706 677
DOUBLET 699 677 706 707 678
DOUBLET 700 678 707 708 679
DOUBLET 701 679 708 709 680
DOUBLET 702 680 709 710 681
DOUBLET 703 681 710 711 682
DOUBLET 704 682 711 712 683
DOUBLET 705 683 712 713 684
DOUBLET 706 684 713 714 685
DOUBLET 707 685 714 715 686
DOUBLET 708 686 715 716 687
DOUBLET 709 687 716 717 688
DOUBLET 710 688 717 718 689
DOUBLET 711 689 718 719 690
DOUBLET 712 690 719 720 691
DOUBLET 713 691 720 721 692
DOUBLET 714 692 721 722 693
DOUBLET 715 693 722 723 694
DOUBLET 716 694 723 724 695
DOUBLET 717 695 724 725 696
DOUBLET 718 696 725 726 697
DOUBLET 719 697 726 30
DOUBLET 720 0 727 698
DOUBLET 721 698 727 728 699
DOUBLET 722 699 728 729 700
DOUBLET 723 700 729 730 701
DOUBLET 724 701 730 731 702
DOUBLET 725 702 731 732 703
DOUBLET 726 703 732 733 704
DOUBLET 727 704 733 734 705
DOUBLET 728 705 734 735 706
DOUBLET 729 706 735 736 707
DOUBLET 730 707 736 737 708
DOUBLET 731 708 737 738 709
DOUBLET 732 709 738 739 710
DOUBLET 733 710 739 740 711
DOUBLET 734 711 740 741 712
DOUBLET 735 712 741 742 713
DOUBLET 736 713 742 743 714
DOUBLET 737 714 743 744 715
DOUBLET 738 715 744 745 716
DOUBLET 739 716 745 746 717
DOUBLET 740 717 746 747 718
DOUBLET 741 718 747 748 719
DOUBLET 742 719 748 749 720
DOUBLET 743 720 749 750 721
DOUBLET 744 721 750 751 722
DOUBLET 745 722 751 752 723
DOUBLET 746 723 752 753 724
DOUBLET 747 724 753 754 725
DOUBLET 748 725 754 755 726
DOUBLET 749 726 755 30
DOUBLET 750 0 756 727
DOUBLET 751 727 756 757 728
DOUBLET 752 728 757 758 729
DOUBLET 753 729 758 759 730
DOUBLET 754 730 759 760 731
DOUBLET 755 731 760 761 732
DOUBLET 756 732 761 762 733
DOUBLET 757 733 762 763 734
DOUBLET 758 734 763 764 735
DOUBLET 759 735 764 765 736
DOUBLET 760 736 765 766 737
DOUBLET 761 737 766 767 738
DOUBLET 762 738 767 768 739
DOUBLET 763 739 768 769 740
DOUBLET 764 740 769 770 741
DOUBLET 765 741 770 771 742
DOUBLET 766 742 771 772 743
DOUBLET 767 743 772 773 744
DOUBLET 768 744 773 774 745
DOUBLET 769 745 774 775 746
DOUBLET 770 746 775 776 747
DOUBLET 771 747 776 777 748
DOUBLET 772 748 777 778 749
DOUBLET 773 749 778 779 750
DOUBLET 774 750 779 780 751
DOUBLET 775 751 780 781 752
DOUBLET 776 752 781 782 753
DOUBLET 777 753 782 783 754
DOUBLET 778 754 783 784 755
DOUBLET 779 755 784 30
DOUBLET 780 0 785 756
DOUBLET 781 756 785 786 757
DOUBLET 782 757 786 787 758
DOUBLET 783 758 787 788 759
DOUBLET 784 759 788 789 760
DOUBLET 785 760 789 790 761
DOUBLET 786 761 790 791 762
DOUBLET 787 762 791 792 763
DOUBLET 788 763 792 793 764
DOUBLET 789 764 793 794 765
DOUBLET 790 765 794 795 766
DOUBLET 791 766 795 796 767
DOUBLET 792 767 796 797 768
DOUBLET 793 768 797 798 769
DOUBLET 794 769 798 799 770
DOUBLET 795 770 799 800 771
DOUBLET 796 771 800 801 772
DOUBLET 797 772 801 802 773
DOUBLET 798 773 802 803 774
DOUBLET 799 774 803 804 775
DOUBLET 800 775 804 805 776
DOUBLET 801 776 805 806 777
DOUBLET 802 777 806 807 778
DOUBLET 803 778 807 808 779
DOUBLET 804 779 808 809 780
DOUBLET 805 780 809 810 781
DOUBLET 806 781 810 811 782
DOUBLET 807 782 811 812 783
DOUBLET 808 783 812 813 784
DOUBLET 809 784 813 30
DOUBLET 810 0 814 785
DOUBLET 811 785 814 815 786
DOUBLET 812 786 815 816 787
DOUBLET 813 787 816 817 788
DOUBLET 814 788 817 818 789
DOUBLET 815 789 818 819 790
DOUBLET 816 790 819 820 791
DOUBLET 817 791 820 821 792
DOUBLET 818 792 821 822 793
DOUBLET 819 793 822 823 794
DOUBLET 820 794 823 824 795
DOUBLET 821 795 824 825 796
DOUBLET 822 796 825 826 797
DOUBLET 823 797 826 827 798
DOUBLET 824 798 827 828 799
DOUBLET 825 799 828 829 800
DOUBLET 826 800 829 830 801
DOUBLET 827 801 830 831 802
DOUBLET 828 802 831 832 803
DOUBLET 829 803 832 833 804
DOUBLET 830 804 833 834 805
DOUBLET 831 805 834 835 806
DOUBLET 832 806 835 836 807
DOUBLET 833 807 836 837 808
DOUBLET 834 808 837 838 809
DOUBLET 835 809 838 839 810
DOUBLET 836 810 839 840 811
DOUBLET 837 811 840 841 812
DOUBLET 838 812 841 842 813
DOUBLET 839 813 842 30
DOUBLET 840 0 843 814
DOUBLET 841 814 843 844 815
DOUBLET 842 815 844 845 816
DOUBLET 843 816 845 846 817
DOUBLET 844 817 846 847 818
DOUBLET 845 818 847 848 819
DOUBLET 846 819 848 849 820
DOUBLET 847 820 849 850 821
DOUBLET 848 821 850 851 822
DOUBLET 849 822 851 852 823
DOUBLET 850 823 852 853 824
DOUBLET 851 824 853 854 825
DOUBLET 852 825 854 855 826
DOUBLET 853 826 855 856 827
DOUBLET 854 827 856 857 828
DOUBLET 855 828 857 858 829
DOUBLET 856 829 858 859 830
DOUBLET 857 830 859 860 831
DOUBLET 858 831 860 861 832
DOUBLET 859 832 861 862 833
DOUBLET 860 833 862 863 834
DOUBLET 861 834 863 864 835
DOUBLET 862 835 864 865 836
DOUBLET 863 836 865 866 837
DOUBLET 864 837 866 867 838
DOUBLET 865 838 867 868 839
DOUBLET 866 839 868 869 840
DOUBLET 867 840 869 870 841
DOUBLET 868 841 870 871 842
DOUBLET 869 842 871 30
DOUBLET 870 0 1 843
DOUBLET 871 843 1 2 844
DOUBLET 872 844 2 3 845
DOUBLET 873 845 3 4 846
DOUBLET 874 846 4 5 847
DOUBLET 875 847 5 6 848
DOUBLET 876 848 6 7 849
DOUBLET 877 849 7 8 850
DOUBLET 878 850 8 9 851
DOUBLET 879 851 9 10 852
DOUBLET 880 852 10 11 853
DOUBLET 881 853 11 12 854
DOUBLET 882 854 12 13 855
DOUBLET 883 855 13 14 856
DOUBLET 884 856 14 15 857
DOUBLET 885 857 15 16 858
DOUBLET 886 858 16 17 859
DOUBLET 887 859 17 18 860
DOUBLET 888 860 18 19 861
DOUBLET 889 861 19 20 862
DOUBLET 890 862 20 21 863
DOUBLET 891 863 21 22 864
DOUBLET 892 864 22 23 865
DOUBLET 893 865 23 24 866
DOUBLET 894 866 24 25 867
DOUBLET 895 867 25 26 868
DOUBLET 896 868 26 27 869
DOUBLET 897 869 27 28 870
DOUBLET 898 870 28 29 871
DOUBLET 899 871 29 30
PATCH 0 0 1 2 3 4 5 6 7 8 9 10 11 12 13 14 15 16 17 18 19 20 21 22 23 24 25 26 27 28 29 30 31 32 33 34 35 36 37 38 39 40 41 42 43 44 45 46 47 48 49 50 51 52 53 54 55 56 57 58 59 60 61 62 63 64 65 66 67 68 69 70 71 72 73 74 75 76 77 78 79 80 81 82 83 84 85 86 87 88 89 90 91 92 93 94 95 96 97 98 99 100 101 102 103 104 105 106 107 108 109 110 111 112 113 114 115 116 117 118 119 120 121 122 123 124 125 126 127 128 129 130 131 132 133 134 135 136 137 138 139 140 141 142 143 144 145 146 147 148 149 150 151 152 153 154 155 156 157 158 159 160 161 162 163 164 165 166 167 168 169 170 171 172 173 174 175 176 177 178 179 180 181 182 183 184 185 186 187 188 189 190 191 192 193 194 195 196 197 198 199 200 201 202 203 204 205 206 207 208 209 210 211 212 213 214 215 216 217 218 219 220 221 222 223 224 225 226 227 228 229 230 231 232 233 234 235 236 237 238 239 240 241 242 243 244 245 246 247 248 249 250 251 252 253 254 255 256 257 258 259 260 261 262 263 264 265 266 267 268 269 270 271 272 273 274 275 276 277 278 279 280 281 282 283 284 285 286 287 288 289 290 291 292 293 294 295 296 297 298 299 300 301 302 303 304 305 306 307 308 309 310 311 312 313 314 315 316 317 318 319 320 321 322 323 324 325 326 327 328 329 330 331 332 333 334 335 336 337 338 339 340 341 342 343 344 345 346 347 348 349 350 351 352 353 354 355 356 357 358 359 360 361 362 363 364 365 366 367 368 369 370 371 372 373 374 375 376 377 378 379 380 381 382 383 384 385 386 387 388 389 390 391 392 393 394 395 396 397 398 399 400 401 402 403 404 405 406 407 408 409 410 411 412 413 414 415 416 417 418 419 420 421 422 423 424 425 426 427 428 429 430 431 432 433 434 435 436 437 438 439 440 441 442 443 444 445 446 447 448 449 450 451 452 453 454 455 456 457 458 459 460 461 462 463 464 465 466 467 468 469 470 471 472 473 474 475 476 477 478 479 480 481 482 483 484 485 486 487 488 489 490 491 492 493 494 495 496 497 498 499 500 501 502 503 504 505 506 507 508 509 510 511 512 513 514 515 516 517 518 519 520 521 522 523 524 525 526 527 528 529 530 531 532 533 534 535 536 537 538 539 540 541 542 543 544 545 546 547 548 549 550 551 552 553 554 555 556 557 558 559 560 561 562 563 564 565 566 567 568 569 570 571 572 573 574 575 576 577 578 579 580 581 582 583 584 585 586 587 588 589 590 591 592 593 594 595 596 597 598 599 600 601 602 603 604 605 606 607 608 609 610 611 612 613 614 615 616 617 618 619 620 621 622 623 624 625 626 627 628 629 630 631 632 633 634 635 636 637 638 639 640 641 642 643 644 645 646 647 648 649 650 651 652 653 654 655 656 657 658 659 660 661 662 663 664 665 666 667 668 669 670 671 672 673 674 675 676 677 678 679 680 681 682 683 684 685 686 687 688 689 690 691 692 693 694 695 696 697 698 699 700 701 702 703 704 705 706 707 708 709 710 711 712 713 714 715 716 717 718 719 720 721 722 723 724 725 726 727 728 729 730 731 732 733 734 735 736 737 738 739 740 741 742 743 744 745 746 747 748 749 750 751 752 753 754 755 756 757 758 759 760 761 762 763 764 765 766 767 768 769 770 771 772 773 774 775 776 777 778 779 780 781 782 783 784 785 786 787 788 789 790 791 792 793 794 795 796 797 798 799 800 801 802 803 804 805 806 807 808 809 810 811 812 813 814 815 816 817 818 819 820 821 822 823 824 825 826 827 828 829 830 831 832 833 834 835 836 837 838 839 840 841 842 843 844 845 846 847 848 849 850 851 852 853 854 855 856 857 858 859 860 861 862 863 864 865 866 867 868 869 870 871 872 873 874 875 876 877 878 879 880 881 882 883 884 885 886 887 888 889 890 891 892 893 894 895 896 897 898 899
