NODE 0 0.0 0.0 0.0
NODE 1 0.5 0.0 0.0
NODE 2 1.0 0.0 0.0
NODE 3 0.0 5000.0 0.0
NODE 4 0.5 5000.0 0.0
NODE 5 1.0 5000.0 0.0
NODE 6 0.0 10000.0 0.0
NODE 7 0.5 10000.0 0.0
NODE 8 1.0 10000.0 0.0
NODE 9 0.0 15000.0 0.0
NODE 10 0.5 15000.0 0.0
NODE 11 1.0 15000.0 0.0
NODE 12 0.0 20000.0 0.0
NODE 13 0.5 20000.0 0.0
NODE 14 1.0 20000.0 0.0
NODE 15 0.0 25000.0 0.0
NODE 16 0.5 25000.0 0.0
NODE 17 1.0 25000.0 0.0
NODE 18 0.0 30000.0 0.0
NODE 19 0.5 30000.0 0.0
NODE 20 1.0 30000.0 0.0
NODE 21 0.0 35000.0 0.0
NODE 22 0.5 35000.0 0.0
NODE 23 1.0 35000.0 0.0
NODE 24 0.0 40000.0 0.0
NODE 25 0.5 40000.0 0.0
NODE 26 1.0 40000.0 0.0
NODE 27 0.0 45000.0 0.0
NODE 28 0.5 45000.0 0.0
NODE 29 1.0 45000.0 0.0
NODE 30 0.0 50000.0 0.0
NODE 31 0.5 50000.0 0.0
NODE 32 1.0 50000.0 0.0
NODE 33 0.0 55000.0 0.0
NODE 34 0.5 55000.0 0.0
NODE 35 1.0 55000.0 0.0
NODE 36 0.0 60000.0 0.0
NODE 37 0.5 60000.0 0.0
NODE 38 1.0 60000.0 0.0
NODE 39 0.0 65000.0 0.0
NODE 40 0.5 65000.0 0.0
NODE 41 1.0 65000.0 0.0
NODE 42 0.0 70000.0 0.0
NODE 43 0.5 70000.0 0.0
NODE 44 1.0 70000.0 0.0
NODE 45 0.0 75000.0 0.0
NODE 46 0.5 75000.0 0.0
NODE 47 1.0 75000.0 0.0
NODE 48 0.0 80000.0 0.0
NODE 49 0.5 80000.0 0.0
NODE 50 1.0 80000.0 0.0
NODE 51 0.0 85000.0 0.0
NODE 52 0.5 85000.0 0.0
NODE 53 1.0 85000.0 0.0
NODE 54 0.0 90000.0 0.0
NODE 55 0.5 90000.0 0.0
NODE 56 1.0 90000.0 0.0
NODE 57 0.0 95000.0 0.0
NODE 58 0.5 95000.0 0.0
NODE 59 1.0 95000.0 0.0
NODE 60 0.0 100000.0 0.0
NODE 61 0.5 100000.0 0.0
NODE 62 1.0 100000.0 0.0
NODE 63 0.0 105000.0 0.0
NODE 64 0.5 105000.0 0.0
NODE 65 1.0 105000.0 0.0
NODE 66 0.0 110000.0 0.0
NODE 67 0.5 110000.0 0.0
NODE 68 1.0 110000.0 0.0
NODE 69 0.0 115000.0 0.0
NODE 70 0.5 115000.0 0.0
NODE 71 1.0 115000.0 0.0
NODE 72 0.0 120000.0 0.0
NODE 73 0.5 120000.0 0.0
NODE 74 1.0 120000.0 0.0
NODE 75 0.0 125000.0 0.0
NODE 76 0.5 125000.0 0.0
NODE 77 1.0 125000.0 0.0
NODE 78 0.0 130000.0 0.0
NODE 79 0.5 130000.0 0.0
NODE 80 1.0 130000.0 0.0
NODE 81 0.0 135000.0 0.0
NODE 82 0.5 135000.0 0.0
NODE 83 1.0 135000.0 0.0
NODE 84 0.0 140000.0 0.0
NODE 85 0.5 140000.0 0.0
NODE 86 1.0 140000.0 0.0
NODE 87 0.0 145000.0 0.0
NODE 88 0.5 145000.0 0.0
NODE 89 1.0 145000.0 0.0
NODE 90 0.0 150000.0 0.0
NODE 91 0.5 150000.0 0.0
NODE 92 1.0 150000.0 0.0
NODE 93 0.0 155000.0 0.0
NODE 94 0.5 155000.0 0.0
NODE 95 1.0 155000.0 0.0
NODE 96 0.0 160000.0 0.0
NODE 97 0.5 160000.0 0.0
NODE 98 1.0 160000.0 0.0
NODE 99 0.0 165000.0 0.0
NODE 100 0.5 165000.0 0.0
NODE 101 1.0 165000.0 0.0
NODE 102 0.0 170000.0 0.0
NODE 103 0.5 170000.0 0.0
NODE 104 1.0 170000.0 0.0
NODE 105 0.0 175000.00000000003 0.0
NODE 106 0.5 175000.00000000003 0.0
NODE 107 1.0 175000.00000000003 0.0
NODE 108 0.0 180000.0 0.0
NODE 109 0.5 180000.0 0.0
NODE 110 1.0 180000.0 0.0
NODE 111 0.0 185000.0 0.0
NODE 112 0.5 185000.0 0.0
NODE 113 1.0 185000.0 0.0
NODE 114 0.0 190000.0 0.0
NODE 115 0.5 190000.0 0.0
NODE 116 1.0 190000.0 0.0
NODE 117 0.0 195000.0 0.0
NODE 118 0.5 195000.0 0.0
NODE 119 1.0 195000.0 0.0
NODE 120 0.0 200000.0 0.0
NODE 121 0.5 200000.0 0.0
NODE 122 1.0 200000.0 0.0
NODE 123 0.0 205000.00000000003 0.0
NODE 124 0.5 205000.00000000003 0.0
NODE 125 1.0 205000.00000000003 0.0
NODE 126 0.0 210000.0 0.0
NODE 127 0.5 210000.0 0.0
NODE 128 1.0 210000.0 0.0
NODE 129 0.0 215000.0 0.0
NODE 130 0.5 215000.0 0.0
NODE 131 1.0 215000.0 0.0
NODE 132 0.0 220000.0 0.0
NODE 133 0.5 220000.0 0.0
NODE 134 1.0 220000.0 0.0
NODE 135 0.0 225000.0 0.0
NODE 136 0.5 225000.0 0.0
NODE 137 1.0 225000.0 0.0
NODE 138 0.0 230000.0 0.0
NODE 139 0.5 230000.0 0.0
NODE 140 1.0 230000.0 0.0
NODE 141 0.0 235000.0 0.0
NODE 142 0.5 235000.0 0.0
NODE 143 1.0 235000.0 0.0
NODE 144 0.0 240000.0 0.0
NODE 145 0.5 240000.0 0.0
NODE 146 1.0 240000.0 0.0
NODE 147 0.0 245000.0 0.0
NODE 148 0.5 245000.0 0.0
NODE 149 1.0 245000.0 0.0
NODE 150 0.0 250000.0 0.0
NODE 151 0.5 250000.0 0.0
NODE 152 1.0 250000.0 0.0
NODE 153 0.0 255000.0 0.0
NODE 154 0.5 255000.0 0.0
NODE 155 1.0 255000.0 0.0
NODE 156 0.0 260000.0 0.0
NODE 157 0.5 260000.0 0.0
NODE 158 1.0 260000.0 0.0
NODE 159 0.0 265000.0 0.0
NODE 160 0.5 265000.0 0.0
NODE 161 1.0 265000.0 0.0
NODE 162 0.0 270000.0 0.0
NODE 163 0.5 270000.0 0.0
NODE 164 1.0 270000.0 0.0
NODE 165 0.0 275000.0 0.0
NODE 166 0.5 275000.0 0.0
NODE 167 1.0 275000.0 0.0
NODE 168 0.0 280000.0 0.0
NODE 169 0.5 280000.0 0.0
NODE 170 1.0 280000.0 0.0
NODE 171 0.0 285000.00000000006 0.0
NODE 172 0.5 285000.00000000006 0.0
NODE 173 1.0 285000.00000000006 0.0
NODE 174 0.0 290000.0 0.0
NODE 175 0.5 290000.0 0.0
NODE 176 1.0 290000.0 0.0
NODE 177 0.0 295000.0 0.0
NODE 178 0.5 295000.0 0.0
NODE 179 1.0 295000.0 0.0
NODE 180 0.0 300000.0 0.0
NODE 181 0.5 300000.0 0.0
NODE 182 1.0 300000.0 0.0
NODE 183 0.0 305000.0 0.0
NODE 184 0.5 305000.0 0.0
NODE 185 1.0 305000.0 0.0
NODE 186 0.0 310000.0 0.0
NODE 187 0.5 310000.0 0.0
NODE 188 1.0 310000.0 0.0
NODE 189 0.0 315000.0 0.0
NODE 190 0.5 315000.0 0.0
NODE 191 1.0 315000.0 0.0
NODE 192 0.0 320000.0 0.0
NODE 193 0.5 320000.0 0.0
NODE 194 1.0 320000.0 0.0
NODE 195 0.0 325000.0 0.0
NODE 196 0.5 325000.0 0.0
NODE 197 1.0 325000.0 0.0
NODE 198 0.0 330000.0 0.0
NODE 199 0.5 330000.0 0.0
NODE 200 1.0 330000.0 0.0
NODE 201 0.0 335000.0 0.0
NODE 202 0.5 335000.0 0.0
NODE 203 1.0 335000.0 0.0
NODE 204 0.0 340000.0 0.0
NODE 205 0.5 340000.0 0.0
NODE 206 1.0 340000.0 0.0
NODE 207 0.0 345000.0 0.0
NODE 208 0.5 345000.0 0.0
NODE 209 1.0 345000.0 0.0
NODE 210 0.0 350000.00000000006 0.0
NODE 211 0.5 350000.00000000006 0.0
NODE 212 1.0 350000.00000000006 0.0
NODE 213 0.0 355000.0 0.0
NODE 214 0.5 355000.0 0.0
NODE 215 1.0 355000.0 0.0
NODE 216 0.0 360000.0 0.0
NODE 217 0.5 360000.0 0.0
NODE 218 1.0 360000.0 0.0
NODE 219 0.0 365000.0 0.0
NODE 220 0.5 365000.0 0.0
NODE 221 1.0 365000.0 0.0
NODE 222 0.0 370000.0 0.0
NODE 223 0.5 370000.0 0.0
NODE 224 1.0 370000.0 0.0
NODE 225 0.0 375000.0 0.0
NODE 226 0.5 375000.0 0.0
NODE 227 1.0 375000.0 0.0
NODE 228 0.0 380000.0 0.0
NODE 229 0.5 380000.0 0.0
NODE 230 1.0 380000.0 0.0
NODE 231 0.0 385000.0 0.0
NODE 232 0.5 385000.0 0.0
NODE 233 1.0 385000.0 0.0
NODE 234 0.0 390000.0 0.0
NODE 235 0.5 390000.0 0.0
NODE 236 1.0 390000.0 0.0
NODE 237 0.0 395000.0 0.0
NODE 238 0.5 395000.0 0.0
NODE 239 1.0 395000.0 0.0
NODE 240 0.0 400000.0 0.0
NODE 241 0.5 400000.0 0.0
NODE 242 1.0 400000.0 0.0
NODE 243 0.0 405000.0 0.0
NODE 244 0.5 405000.0 0.0
NODE 245 1.0 405000.0 0.0
NODE 246 0.0 410000.00000000006 0.0
NODE 247 0.5 410000.00000000006 0.0
NODE 248 1.0 410000.00000000006 0.0
NODE 249 0.0 415000.00000000006 0.0
NODE 250 0.5 415000.00000000006 0.0
NODE 251 1.0 415000.00000000006 0.0
NODE 252 0.0 420000.0 0.0
NODE 253 0.5 420000.0 0.0
NODE 254 1.0 420000.0 0.0
NODE 255 0.0 425000.0 0.0
NODE 256 0.5 425000.0 0.0
NODE 257 1.0 425000.0 0.0
NODE 258 0.0 430000.0 0.0
NODE 259 0.5 430000.0 0.0
NODE 260 1.0 430000.0 0.0
NODE 261 0.0 435000.0 0.0
NODE 262 0.5 435000.0 0.0
NODE 263 1.0 435000.0 0.0
NODE 264 0.0 440000.0 0.0
NODE 265 0.5 440000.0 0.0
NODE 266 1.0 440000.0 0.0
NODE 267 0.0 445000.0 0.0
NODE 268 0.5 445000.0 0.0
NODE 269 1.0 445000.0 0.0
NODE 270 0.0 450000.0 0.0
NODE 271 0.5 450000.0 0.0
NODE 272 1.0 450000.0 0.0
NODE 273 0.0 455000.0 0.0
NODE 274 0.5 455000.0 0.0
NODE 275 1.0 455000.0 0.0
NODE 276 0.0 460000.0 0.0
NODE 277 0.5 460000.0 0.0
NODE 278 1.0 460000.0 0.0
NODE 279 0.0 465000.0 0.0
NODE 280 0.5 465000.0 0.0
NODE 281 1.0 465000.0 0.0
NODE 282 0.0 470000.0 0.0
NODE 283 0.5 470000.0 0.0
NODE 284 1.0 470000.0 0.0
NODE 285 0.0 475000.00000000006 0.0
NODE 286 0.5 475000.00000000006 0.0
NODE 287 1.0 475000.00000000006 0.0
NODE 288 0.0 480000.0 0.0
NODE 289 0.5 480000.0 0.0
NODE 290 1.0 480000.0 0.0
NODE 291 0.0 485000.0 0.0
NODE 292 0.5 485000.0 0.0
NODE 293 1.0 485000.0 0.0
NODE 294 0.0 490000.0 0.0
NODE 295 0.5 490000.0 0.0
NODE 296 1.0 490000.0 0.0
NODE 297 0.0 495000.0 0.0
NODE 298 0.5 495000.0 0.0
NODE 299 1.0 495000.0 0.0
NODE 300 0.0 500000.0 0.0
NODE 301 0.5 500000.0 0.0
NODE 302 1.0 500000.0 0.0
NODE 303 0.0 -500000.0 0.0
NODE 304 0.5 -500000.0 0.0
NODE 305 1.0 -500000.0 0.0
NODE 306 0.0 -495000.0 0.0
NODE 307 0.5 -495000.0 0.0
NODE 308 1.0 -495000.0 0.0
NODE 309 0.0 -490000.0 0.0
NODE 310 0.5 -490000.0 0.0
NODE 311 1.0 -490000.0 0.0
NODE 312 0.0 -485000.0 0.0
NODE 313 0.5 -485000.0 0.0
NODE 314 1.0 -485000.0 0.0
NODE 315 0.0 -480000.0 0.0
NODE 316 0.5 -480000.0 0.0
NODE 317 1.0 -480000.0 0.0
NODE 318 0.0 -475000.0 0.0
NODE 319 0.5 -475000.0 0.0
NODE 320 1.0 -475000.0 0.0
NODE 321 0.0 -470000.0 0.0
NODE 322 0.5 -470000.0 0.0
NODE 323 1.0 -470000.0 0.0
NODE 324 0.0 -465000.0 0.0
NODE 325 0.5 -465000.0 0.0
NODE 326 1.0 -465000.0 0.0
NODE 327 0.0 -460000.0 0.0
NODE 328 0.5 -460000.0 0.0
NODE 329 1.0 -460000.0 0.0
NODE 330 0.0 -455000.0 0.0
NODE 331 0.5 -455000.0 0.0
NODE 332 1.0 -455000.0 0.0
NODE 333 0.0 -450000.0 0.0
NODE 334 0.5 -450000.0 0.0
NODE 335 1.0 -450000.0 0.0
NODE 336 0.0 -445000.0 0.0
NODE 337 0.5 -445000.0 0.0
NODE 338 1.0 -445000.0 0.0
NODE 339 0.0 -440000.0 0.0
NODE 340 0.5 -440000.0 0.0
NODE 341 1.0 -440000.0 0.0
NODE 342 0.0 -435000.0 0.0
NODE 343 0.5 -435000.0 0.0
NODE 344 1.0 -435000.0 0.0
NODE 345 0.0 -430000.0 0.0
NODE 346 0.5 -430000.0 0.0
NODE 347 1.0 -430000.0 0.0
NODE 348 0.0 -425000.0 0.0
NODE 349 0.5 -425000.0 0.0
NODE 350 1.0 -425000.0 0.0
NODE 351 0.0 -420000.0 0.0
NODE 352 0.5 -420000.0 0.0
NODE 353 1.0 -420000.0 0.0
NODE 354 0.0 -415000.0 0.0
NODE 355 0.5 -415000.0 0.0
NODE 356 1.0 -415000.0 0.0
NODE 357 0.0 -410000.0 0.0
NODE 358 0.5 -410000.0 0.0
NODE 359 1.0 -410000.0 0.0
NODE 360 0.0 -405000.0 0.0
NODE 361 0.5 -405000.0 0.0
NODE 362 1.0 -405000.0 0.0
NODE 363 0.0 -400000.0 0.0
NODE 364 0.5 -400000.0 0.0
NODE 365 1.0 -400000.0 0.0
NODE 366 0.0 -395000.0 0.0
NODE 367 0.5 -395000.0 0.0
NODE 368 1.0 -395000.0 0.0
NODE 369 0.0 -390000.0 0.0
NODE 370 0.5 -390000.0 0.0
NODE 371 1.0 -390000.0 0.0
NODE 372 0.0 -385000.0 0.0
NODE 373 0.5 -385000.0 0.0
NODE 374 1.0 -385000.0 0.0
NODE 375 0.0 -380000.0 0.0
NODE 376 0.5 -380000.0 0.0
NODE 377 1.0 -380000.0 0.0
NODE 378 0.0 -375000.0 0.0
NODE 379 0.5 -375000.0 0.0
NODE 380 1.0 -375000.0 0.0
NODE 381 0.0 -370000.0 0.0
NODE 382 0.5 -370000.0 0.0
NODE 383 1.0 -370000.0 0.0
NODE 384 0.0 -365000.0 0.0
NODE 385 0.5 -365000.0 0.0
NODE 386 1.0 -365000.0 0.0
NODE 387 0.0 -360000.0 0.0
NODE 388 0.5 -360000.0 0.0
NODE 389 1.0 -360000.0 0.0
NODE 390 0.0 -355000.0 0.0
NODE 391 0.5 -355000.0 0.0
NODE 392 1.0 -355000.0 0.0
NODE 393 0.0 -350000.0 0.0
NODE 394 0.5 -350000.0 0.0
NODE 395 1.0 -350000.0 0.0
NODE 396 0.0 -345000.0 0.0
NODE 397 0.5 -345000.0 0.0
NODE 398 1.0 -345000.0 0.0
NODE 399 0.0 -340000.0 0.0
NODE 400 0.5 -340000.0 0.0
NODE 401 1.0 -340000.0 0.0
NODE 402 0.0 -335000.0 0.0
NODE 403 0.5 -335000.0 0.0
NODE 404 1.0 -335000.0 0.0
NODE 405 0.0 -330000.0 0.0
NODE 406 0.5 -330000.0 0.0
NODE 407 1.0 -330000.0 0.0
NODE 408 0.0 -325000.0 0.0
NODE 409 0.5 -325000.0 0.0
NODE 410 1.0 -325000.0 0.0
NODE 411 0.0 -320000.0 0.0
NODE 412 0.5 -320000.0 0.0
NODE 413 1.0 -320000.0 0.0
NODE 414 0.0 -315000.0 0.0
NODE 415 0.5 -315000.0 0.0
NODE 416 1.0 -315000.0 0.0
NODE 417 0.0 -310000.0 0.0
NODE 418 0.5 -310000.0 0.0
NODE 419 1.0 -310000.0 0.0
NODE 420 0.0 -305000.0 0.0
NODE 421 0.5 -305000.0 0.0
NODE 422 1.0 -305000.0 0.0
NODE 423 0.0 -300000.0 0.0
NODE 424 0.5 -300000.0 0.0
NODE 425 1.0 -300000.0 0.0
NODE 426 0.0 -295000.0 0.0
NODE 427 0.5 -295000.0 0.0
NODE 428 1.0 -295000.0 0.0
NODE 429 0.0 -290000.0 0.0
NODE 430 0.5 -290000.0 0.0
NODE 431 1.0 -290000.0 0.0
NODE 432 0.0 -285000.0 0.0
NODE 433 0.5 -285000.0 0.0
NODE 434 1.0 -285000.0 0.0
NODE 435 0.0 -280000.0 0.0
NODE 436 0.5 -280000.0 0.0
NODE 437 1.0 -280000.0 0.0
NODE 438 0.0 -275000.0 0.0
NODE 439 0.5 -275000.0 0.0
NODE 440 1.0 -275000.0 0.0
NODE 441 0.0 -270000.0 0.0
NODE 442 0.5 -270000.0 0.0
NODE 443 1.0 -270000.0 0.0
NODE 444 0.0 -265000.0 0.0
NODE 445 0.5 -265000.0 0.0
NODE 446 1.0 -265000.0 0.0
NODE 447 0.0 -260000.0 0.0
NODE 448 0.5 -260000.0 0.0
NODE 449 1.0 -260000.0 0.0
NODE 450 0.0 -255000.0 0.0
NODE 451 0.5 -255000.0 0.0
NODE 452 1.0 -255000.0 0.0
NODE 453 0.0 -250000.0 0.0
NODE 454 0.5 -250000.0 0.0
NODE 455 1.0 -250000.0 0.0
NODE 456 0.0 -245000.0 0.0
NODE 457 0.5 -245000.0 0.0
NODE 458 1.0 -245000.0 0.0
NODE 459 0.0 -240000.0 0.0
NODE 460 0.5 -240000.0 0.0
NODE 461 1.0 -240000.0 0.0
NODE 462 0.0 -235000.0 0.0
NODE 463 0.5 -235000.0 0.0
NODE 464 1.0 -235000.0 0.0
NODE 465 0.0 -230000.0 0.0
NODE 466 0.5 -230000.0 0.0
NODE 467 1.0 -230000.0 0.0
NODE 468 0.0 -225000.0 0.0
NODE 469 0.5 -225000.0 0.0
NODE 470 1.0 -225000.0 0.0
NODE 471 0.0 -220000.0 0.0
NODE 472 0.5 -220000.0 0.0
NODE 473 1.0 -220000.0 0.0
NODE 474 0.0 -214999.99999999994 0.0
NODE 475 0.5 -214999.99999999994 0.0
NODE 476 1.0 -214999.99999999994 0.0
NODE 477 0.0 -210000.0 0.0
NODE 478 0.5 -210000.0 0.0
NODE 479 1.0 -210000.0 0.0
NODE 480 0.0 -205000.0 0.0
NODE 481 0.5 -205000.0 0.0
NODE 482 1.0 -205000.0 0.0
NODE 483 0.0 -200000.0 0.0
NODE 484 0.5 -200000.0 0.0
NODE 485 1.0 -200000.0 0.0
NODE 486 0.0 -195000.0 0.0
NODE 487 0.5 -195000.0 0.0
NODE 488 1.0 -195000.0 0.0
NODE 489 0.0 -190000.0 0.0
NODE 490 0.5 -190000.0 0.0
NODE 491 1.0 -190000.0 0.0
NODE 492 0.0 -185000.0 0.0
NODE 493 0.5 -185000.0 0.0
NODE 494 1.0 -185000.0 0.0
NODE 495 0.0 -180000.0 0.0
NODE 496 0.5 -180000.0 0.0
NODE 497 1.0 -180000.0 0.0
NODE 498 0.0 -175000.0 0.0
NODE 499 0.5 -175000.0 0.0
NODE 500 1.0 -175000.0 0.0
NODE 501 0.0 -170000.0 0.0
NODE 502 0.5 -170000.0 0.0
NODE 503 1.0 -170000.0 0.0
NODE 504 0.0 -165000.0 0.0
NODE 505 0.5 -165000.0 0.0
NODE 506 1.0 -165000.0 0.0
NODE 507 0.0 -160000.0 0.0
NODE 508 0.5 -160000.0 0.0
NODE 509 1.0 -160000.0 0.0
NODE 510 0.0 -155000.0 0.0
NODE 511 0.5 -155000.0 0.0
NODE 512 1.0 -155000.0 0.0
NODE 513 0.0 -149999.99999999994 0.0
NODE 514 0.5 -149999.99999999994 0.0
NODE 515 1.0 -149999.99999999994 0.0
NODE 516 0.0 -145000.0 0.0
NODE 517 0.5 -145000.0 0.0
NODE 518 1.0 -145000.0 0.0
NODE 519 0.0 -140000.0 0.0
NODE 520 0.5 -140000.0 0.0
NODE 521 1.0 -140000.0 0.0
NODE 522 0.0 -135000.0 0.0
NODE 523 0.5 -135000.0 0.0
NODE 524 1.0 -135000.0 0.0
NODE 525 0.0 -130000.0 0.0
NODE 526 0.5 -130000.0 0.0
NODE 527 1.0 -130000.0 0.0
NODE 528 0.0 -125000.0 0.0
NODE 529 0.5 -125000.0 0.0
NODE 530 1.0 -125000.0 0.0
NODE 531 0.0 -120000.0 0.0
NODE 532 0.5 -120000.0 0.0
NODE 533 1.0 -120000.0 0.0
NODE 534 0.0 -115000.0 0.0
NODE 535 0.5 -115000.0 0.0
NODE 536 1.0 -115000.0 0.0
NODE 537 0.0 -110000.0 0.0
NODE 538 0.5 -110000.0 0.0
NODE 539 1.0 -110000.0 0.0
NODE 540 0.0 -105000.0 0.0
NODE 541 0.5 -105000.0 0.0
NODE 542 1.0 -105000.0 0.0
NODE 543 0.0 -100000.0 0.0
NODE 544 0.5 -100000.0 0.0
NODE 545 1.0 -100000.0 0.0
NODE 546 0.0 -95000.0 0.0
NODE 547 0.5 -95000.0 0.0
NODE 548 1.0 -95000.0 0.0
NODE 549 0.0 -89999.99999999994 0.0
NODE 550 0.5 -89999.99999999994 0.0
NODE 551 1.0 -89999.99999999994 0.0
NODE 552 0.0 -84999.99999999994 0.0
NODE 553 0.5 -84999.99999999994 0.0
NODE 554 1.0 -84999.99999999994 0.0
NODE 555 0.0 -80000.0 0.0
NODE 556 0.5 -80000.0 0.0
NODE 557 1.0 -80000.0 0.0
NODE 558 0.0 -75000.0 0.0
NODE 559 0.5 -75000.0 0.0
NODE 560 1.0 -75000.0 0.0
NODE 561 0.0 -70000.0 0.0
NODE 562 0.5 -70000.0 0.0
NODE 563 1.0 -70000.0 0.0
NODE 564 0.0 -65000.0 0.0
NODE 565 0.5 -65000.0 0.0
NODE 566 1.0 -65000.0 0.0
NODE 567 0.0 -60000.0 0.0
NODE 568 0.5 -60000.0 0.0
NODE 569 1.0 -60000.0 0.0
NODE 570 0.0 -55000.0 0.0
NODE 571 0.5 -55000.0 0.0
NODE 572 1.0 -55000.0 0.0
NODE 573 0.0 -50000.0 0.0
NODE 574 0.5 -50000.0 0.0
NODE 575 1.0 -50000.0 0.0
NODE 576 0.0 -45000.0 0.0
NODE 577 0.5 -45000.0 0.0
NODE 578 1.0 -45000.0 0.0
NODE 579 0.0 -40000.0 0.0
NODE 580 0.5 -40000.0 0.0
NODE 581 1.0 -40000.0 0.0
NODE 582 0.0 -35000.0 0.0
NODE 583 0.5 -35000.0 0.0
NODE 584 1.0 -35000.0 0.0
NODE 585 0.0 -30000.0 0.0
NODE 586 0.5 -30000.0 0.0
NODE 587 1.0 -30000.0 0.0
NODE 588 0.0 -24999.99999999994 0.0
NODE 589 0.5 -24999.99999999994 0.0
NODE 590 1.0 -24999.99999999994 0.0
NODE 591 0.0 -20000.0 0.0
NODE 592 0.5 -20000.0 0.0
NODE 593 1.0 -20000.0 0.0
NODE 594 0.0 -15000.0 0.0
NODE 595 0.5 -15000.0 0.0
NODE 596 1.0 -15000.0 0.0
NODE 597 0.0 -10000.0 0.0
NODE 598 0.5 -10000.0 0.0
NODE 599 1.0 -10000.0 0.0
NODE 600 0.0 -5000.0 0.0
NODE 601 0.5 -5000.0 0.0
NODE 602 1.0 -5000.0 0.0
NODE 603 0.0 0.0 0.0
NODE 604 0.5 0.0 0.0
NODE 605 1.0 0.0 0.0
VORTEX 0 0 3 4 1
VORTEX 1 1 4 5 2
VORTEX 2 3 6 7 4
VORTEX 3 4 7 8 5
VORTEX 4 6 9 10 7
VORTEX 5 7 10 11 8
VORTEX 6 9 12 13 10
VORTEX 7 10 13 14 11
VORTEX 8 12 15 16 13
VORTEX 9 13 16 17 14
VORTEX 10 15 18 19 16
VORTEX 11 16 19 20 17
VORTEX 12 18 21 22 19
VORTEX 13 19 22 23 20
VORTEX 14 21 24 25 22
VORTEX 15 22 25 26 23
VORTEX 16 24 27 28 25
VORTEX 17 25 28 29 26
VORTEX 18 27 30 31 28
VORTEX 19 28 31 32 29
VORTEX 20 30 33 34 31
VORTEX 21 31 34 35 32
VORTEX 22 33 36 37 34
VORTEX 23 34 37 38 35
VORTEX 24 36 39 40 37
VORTEX 25 37 40 41 38
VORTEX 26 39 42 43 40
VORTEX 27 40 43 44 41
VORTEX 28 42 45 46 43
VORTEX 29 43 46 47 44
VORTEX 30 45 48 49 46
VORTEX 31 46 49 50 47
VORTEX 32 48 51 52 49
VORTEX 33 49 52 53 50
VORTEX 34 51 54 55 52
VORTEX 35 52 55 56 53
VORTEX 36 54 57 58 55
VORTEX 37 55 58 59 56
VORTEX 38 57 60 61 58
VORTEX 39 58 61 62 59
VORTEX 40 60 63 64 61
VORTEX 41 61 64 65 62
VORTEX 42 63 66 67 64
VORTEX 43 64 67 68 65
VORTEX 44 66 69 70 67
VORTEX 45 67 70 71 68
VORTEX 46 69 72 73 70
VORTEX 47 70 73 74 71
VORTEX 48 72 75 76 73
VORTEX 49 73 76 77 74
VORTEX 50 75 78 79 76
VORTEX 51 76 79 80 77
VORTEX 52 78 81 82 79
VORTEX 53 79 82 83 80
VORTEX 54 81 84 85 82
VORTEX 55 82 85 86 83
VORTEX 56 84 87 88 85
VORTEX 57 85 88 89 86
VORTEX 58 87 90 91 88
VORTEX 59 88 91 92 89
VORTEX 60 90 93 94 91
VORTEX 61 91 94 95 92
VORTEX 62 93 96 97 94
VORTEX 63 94 97 98 95
VORTEX 64 96 99 100 97
VORTEX 65 97 100 101 98
VORTEX 66 99 102 103 100
VORTEX 67 100 103 104 101
VORTEX 68 102 105 106 103
VORTEX 69 103 106 107 104
VORTEX 70 105 108 109 106
VORTEX 71 106 109 110 107
VORTEX 72 108 111 112 109
VORTEX 73 109 112 113 110
VORTEX 74 111 114 115 112
VORTEX 75 112 115 116 113
VORTEX 76 114 117 118 115
VORTEX 77 115 118 119 116
VORTEX 78 117 120 121 118
VORTEX 79 118 121 122 119
VORTEX 80 120 123 124 121
VORTEX 81 121 124 125 122
VORTEX 82 123 126 127 124
VORTEX 83 124 127 128 125
VORTEX 84 126 129 130 127
VORTEX 85 127 130 131 128
VORTEX 86 129 132 133 130
VORTEX 87 130 133 134 131
VORTEX 88 132 135 136 133
VORTEX 89 133 136 137 134
VORTEX 90 135 138 139 136
VORTEX 91 136 139 140 137
VORTEX 92 138 141 142 139
VORTEX 93 139 142 143 140
VORTEX 94 141 144 145 142
VORTEX 95 142 145 146 143
VORTEX 96 144 147 148 145
VORTEX 97 145 148 149 146
VORTEX 98 147 150 151 148
VORTEX 99 148 151 152 149
VORTEX 100 150 153 154 151
VORTEX 101 151 154 155 152
VORTEX 102 153 156 157 154
VORTEX 103 154 157 158 155
VORTEX 104 156 159 160 157
VORTEX 105 157 160 161 158
VORTEX 106 159 162 163 160
VORTEX 107 160 163 164 161
VORTEX 108 162 165 166 163
VORTEX 109 163 166 167 164
VORTEX 110 165 168 169 166
VORTEX 111 166 169 170 167
VORTEX 112 168 171 172 169
VORTEX 113 169 172 173 170
VORTEX 114 171 174 175 172
VORTEX 115 172 175 176 173
VORTEX 116 174 177 178 175
VORTEX 117 175 178 179 176
VORTEX 118 177 180 181 178
VORTEX 119 178 181 182 179
VORTEX 120 180 183 184 181
VORTEX 121 181 184 185 182
VORTEX 122 183 186 187 184
VORTEX 123 184 187 188 185
VORTEX 124 186 189 190 187
VORTEX 125 187 190 191 188
VORTEX 126 189 192 193 190
VORTEX 127 190 193 194 191
VORTEX 128 192 195 196 193
VORTEX 129 193 196 197 194
VORTEX 130 195 198 199 196
VORTEX 131 196 199 200 197
VORTEX 132 198 201 202 199
VORTEX 133 199 202 203 200
VORTEX 134 201 204 205 202
VORTEX 135 202 205 206 203
VORTEX 136 204 207 208 205
VORTEX 137 205 208 209 206
VORTEX 138 207 210 211 208
VORTEX 139 208 211 212 209
VORTEX 140 210 213 214 211
VORTEX 141 211 214 215 212
VORTEX 142 213 216 217 214
VORTEX 143 214 217 218 215
VORTEX 144 216 219 220 217
VORTEX 145 217 220 221 218
VORTEX 146 219 222 223 220
VORTEX 147 220 223 224 221
VORTEX 148 222 225 226 223
VORTEX 149 223 226 227 224
VORTEX 150 225 228 229 226
VORTEX 151 226 229 230 227
VORTEX 152 228 231 232 229
VORTEX 153 229 232 233 230
VORTEX 154 231 234 235 232
VORTEX 155 232 235 236 233
VORTEX 156 234 237 238 235
VORTEX 157 235 238 239 236
VORTEX 158 237 240 241 238
VORTEX 159 238 241 242 239
VORTEX 160 240 243 244 241
VORTEX 161 241 244 245 242
VORTEX 162 243 246 247 244
VORTEX 163 244 247 248 245
VORTEX 164 246 249 250 247
VORTEX 165 247 250 251 248
VORTEX 166 249 252 253 250
VORTEX 167 250 253 254 251
VORTEX 168 252 255 256 253
VORTEX 169 253 256 257 254
VORTEX 170 255 258 259 256
VORTEX 171 256 259 260 257
VORTEX 172 258 261 262 259
VORTEX 173 259 262 263 260
VORTEX 174 261 264 265 262
VORTEX 175 262 265 266 263
VORTEX 176 264 267 268 265
VORTEX 177 265 268 269 266
VORTEX 178 267 270 271 268
VORTEX 179 268 271 272 269
VORTEX 180 270 273 274 271
VORTEX 181 271 274 275 272
VORTEX 182 273 276 277 274
VORTEX 183 274 277 278 275
VORTEX 184 276 279 280 277
VORTEX 185 277 280 281 278
VORTEX 186 279 282 283 280
VORTEX 187 280 283 284 281
VORTEX 188 282 285 286 283
VORTEX 189 283 286 287 284
VORTEX 190 285 288 289 286
VORTEX 191 286 289 290 287
VORTEX 192 288 291 292 289
VORTEX 193 289 292 293 290
VORTEX 194 291 294 295 292
VORTEX 195 292 295 296 293
VORTEX 196 294 297 298 295
VORTEX 197 295 298 299 296
VORTEX 198 297 300 301 298
VORTEX 199 298 301 302 299
VORTEX 200 303 306 307 304
VORTEX 201 304 307 308 305
VORTEX 202 306 309 310 307
VORTEX 203 307 310 311 308
VORTEX 204 309 312 313 310
VORTEX 205 310 313 314 311
VORTEX 206 312 315 316 313
VORTEX 207 313 316 317 314
VORTEX 208 315 318 319 316
VORTEX 209 316 319 320 317
VORTEX 210 318 321 322 319
VORTEX 211 319 322 323 320
VORTEX 212 321 324 325 322
VORTEX 213 322 325 326 323
VORTEX 214 324 327 328 325
VORTEX 215 325 328 329 326
VORTEX 216 327 330 331 328
VORTEX 217 328 331 332 329
VORTEX 218 330 333 334 331
VORTEX 219 331 334 335 332
VORTEX 220 333 336 337 334
VORTEX 221 334 337 338 335
VORTEX 222 336 339 340 337
VORTEX 223 337 340 341 338
VORTEX 224 339 342 343 340
VORTEX 225 340 343 344 341
VORTEX 226 342 345 346 343
VORTEX 227 343 346 347 344
VORTEX 228 345 348 349 346
VORTEX 229 346 349 350 347
VORTEX 230 348 351 352 349
VORTEX 231 349 352 353 350
VORTEX 232 351 354 355 352
VORTEX 233 352 355 356 353
VORTEX 234 354 357 358 355
VORTEX 235 355 358 359 356
VORTEX 236 357 360 361 358
VORTEX 237 358 361 362 359
VORTEX 238 360 363 364 361
VORTEX 239 361 364 365 362
VORTEX 240 363 366 367 364
VORTEX 241 364 367 368 365
VORTEX 242 366 369 370 367
VORTEX 243 367 370 371 368
VORTEX 244 369 372 373 370
VORTEX 245 370 373 374 371
VORTEX 246 372 375 376 373
VORTEX 247 373 376 377 374
VORTEX 248 375 378 379 376
VORTEX 249 376 379 380 377
VORTEX 250 378 381 382 379
VORTEX 251 379 382 383 380
VORTEX 252 381 384 385 382
VORTEX 253 382 385 386 383
VORTEX 254 384 387 388 385
VORTEX 255 385 388 389 386
VORTEX 256 387 390 391 388
VORTEX 257 388 391 392 389
VORTEX 258 390 393 394 391
VORTEX 259 391 394 395 392
VORTEX 260 393 396 397 394
VORTEX 261 394 397 398 395
VORTEX 262 396 399 400 397
VORTEX 263 397 400 401 398
VORTEX 264 399 402 403 400
VORTEX 265 400 403 404 401
VORTEX 266 402 405 406 403
VORTEX 267 403 406 407 404
VORTEX 268 405 408 409 406
VORTEX 269 406 409 410 407
VORTEX 270 408 411 412 409
VORTEX 271 409 412 413 410
VORTEX 272 411 414 415 412
VORTEX 273 412 415 416 413
VORTEX 274 414 417 418 415
VORTEX 275 415 418 419 416
VORTEX 276 417 420 421 418
VORTEX 277 418 421 422 419
VORTEX 278 420 423 424 421
VORTEX 279 421 424 425 422
VORTEX 280 423 426 427 424
VORTEX 281 424 427 428 425
VORTEX 282 426 429 430 427
VORTEX 283 427 430 431 428
VORTEX 284 429 432 433 430
VORTEX 285 430 433 434 431
VORTEX 286 432 435 436 433
VORTEX 287 433 436 437 434
VORTEX 288 435 438 439 436
VORTEX 289 436 439 440 437
VORTEX 290 438 441 442 439
VORTEX 291 439 442 443 440
VORTEX 292 441 444 445 442
VORTEX 293 442 445 446 443
VORTEX 294 444 447 448 445
VORTEX 295 445 448 449 446
VORTEX 296 447 450 451 448
VORTEX 297 448 451 452 449
VORTEX 298 450 453 454 451
VORTEX 299 451 454 455 452
VORTEX 300 453 456 457 454
VORTEX 301 454 457 458 455
VORTEX 302 456 459 460 457
VORTEX 303 457 460 461 458
VORTEX 304 459 462 463 460
VORTEX 305 460 463 464 461
VORTEX 306 462 465 466 463
VORTEX 307 463 466 467 464
VORTEX 308 465 468 469 466
VORTEX 309 466 469 470 467
VORTEX 310 468 471 472 469
VORTEX 311 469 472 473 470
VORTEX 312 471 474 475 472
VORTEX 313 472 475 476 473
VORTEX 314 474 477 478 475
VORTEX 315 475 478 479 476
VORTEX 316 477 480 481 478
VORTEX 317 478 481 482 479
VORTEX 318 480 483 484 481
VORTEX 319 481 484 485 482
VORTEX 320 483 486 487 484
VORTEX 321 484 487 488 485
VORTEX 322 486 489 490 487
VORTEX 323 487 490 491 488
VORTEX 324 489 492 493 490
VORTEX 325 490 493 494 491
VORTEX 326 492 495 496 493
VORTEX 327 493 496 497 494
VORTEX 328 495 498 499 496
VORTEX 329 496 499 500 497
VORTEX 330 498 501 502 499
VORTEX 331 499 502 503 500
VORTEX 332 501 504 505 502
VORTEX 333 502 505 506 503
VORTEX 334 504 507 508 505
VORTEX 335 505 508 509 506
VORTEX 336 507 510 511 508
VORTEX 337 508 511 512 509
VORTEX 338 510 513 514 511
VORTEX 339 511 514 515 512
VORTEX 340 513 516 517 514
VORTEX 341 514 517 518 515
VORTEX 342 516 519 520 517
VORTEX 343 517 520 521 518
VORTEX 344 519 522 523 520
VORTEX 345 520 523 524 521
VORTEX 346 522 525 526 523
VORTEX 347 523 526 527 524
VORTEX 348 525 528 529 526
VORTEX 349 526 529 530 527
VORTEX 350 528 531 532 529
VORTEX 351 529 532 533 530
VORTEX 352 531 534 535 532
VORTEX 353 532 535 536 533
VORTEX 354 534 537 538 535
VORTEX 355 535 538 539 536
VORTEX 356 537 540 541 538
VORTEX 357 538 541 542 539
VORTEX 358 540 543 544 541
VORTEX 359 541 544 545 542
VORTEX 360 543 546 547 544
VORTEX 361 544 547 548 545
VORTEX 362 546 549 550 547
VORTEX 363 547 550 551 548
VORTEX 364 549 552 553 550
VORTEX 365 550 553 554 551
VORTEX 366 552 555 556 553
VORTEX 367 553 556 557 554
VORTEX 368 555 558 559 556
VORTEX 369 556 559 560 557
VORTEX 370 558 561 562 559
VORTEX 371 559 562 563 560
VORTEX 372 561 564 565 562
VORTEX 373 562 565 566 563
VORTEX 374 564 567 568 565
VORTEX 375 565 568 569 566
VORTEX 376 567 570 571 568
VORTEX 377 568 571 572 569
VORTEX 378 570 573 574 571
VORTEX 379 571 574 575 572
VORTEX 380 573 576 577 574
VORTEX 381 574 577 578 575
VORTEX 382 576 579 580 577
VORTEX 383 577 580 581 578
VORTEX 384 579 582 583 580
VORTEX 385 580 583 584 581
VORTEX 386 582 585 586 583
VORTEX 387 583 586 587 584
VORTEX 388 585 588 589 586
VORTEX 389 586 589 590 587
VORTEX 390 588 591 592 589
VORTEX 391 589 592 593 590
VORTEX 392 591 594 595 592
VORTEX 393 592 595 596 593
VORTEX 394 594 597 598 595
VORTEX 395 595 598 599 596
VORTEX 396 597 600 601 598
VORTEX 397 598 601 602 599
VORTEX 398 600 603 604 601
VORTEX 399 601 604 605 602
WINGSTATION 0 0 1
WINGSTATION 1 2 3
WINGSTATION 2 4 5
WINGSTATION 3 6 7
WINGSTATION 4 8 9
WINGSTATION 5 10 11
WINGSTATION 6 12 13
WINGSTATION 7 14 15
WINGSTATION 8 16 17
WINGSTATION 9 18 19
WINGSTATION 10 20 21
WINGSTATION 11 22 23
WINGSTATION 12 24 25
WINGSTATION 13 26 27
WINGSTATION 14 28 29
WINGSTATION 15 30 31
WINGSTATION 16 32 33
WINGSTATION 17 34 35
WINGSTATION 18 36 37
WINGSTATION 19 38 39
WINGSTATION 20 40 41
WINGSTATION 21 42 43
WINGSTATION 22 44 45
WINGSTATION 23 46 47
WINGSTATION 24 48 49
WINGSTATION 25 50 51
WINGSTATION 26 52 53
WINGSTATION 27 54 55
WINGSTATION 28 56 57
WINGSTATION 29 58 59
WINGSTATION 30 60 61
WINGSTATION 31 62 63
WINGSTATION 32 64 65
WINGSTATION 33 66 67
WINGSTATION 34 68 69
WINGSTATION 35 70 71
WINGSTATION 36 72 73
WINGSTATION 37 74 75
WINGSTATION 38 76 77
WINGSTATION 39 78 79
WINGSTATION 40 80 81
WINGSTATION 41 82 83
WINGSTATION 42 84 85
WINGSTATION 43 86 87
WINGSTATION 44 88 89
WINGSTATION 45 90 91
WINGSTATION 46 92 93
WINGSTATION 47 94 95
WINGSTATION 48 96 97
WINGSTATION 49 98 99
WINGSTATION 50 100 101
WINGSTATION 51 102 103
WINGSTATION 52 104 105
WINGSTATION 53 106 107
WINGSTATION 54 108 109
WINGSTATION 55 110 111
WINGSTATION 56 112 113
WINGSTATION 57 114 115
WINGSTATION 58 116 117
WINGSTATION 59 118 119
WINGSTATION 60 120 121
WINGSTATION 61 122 123
WINGSTATION 62 124 125
WINGSTATION 63 126 127
WINGSTATION 64 128 129
WINGSTATION 65 130 131
WINGSTATION 66 132 133
WINGSTATION 67 134 135
WINGSTATION 68 136 137
WINGSTATION 69 138 139
WINGSTATION 70 140 141
WINGSTATION 71 142 143
WINGSTATION 72 144 145
WINGSTATION 73 146 147
WINGSTATION 74 148 149
WINGSTATION 75 150 151
WINGSTATION 76 152 153
WINGSTATION 77 154 155
WINGSTATION 78 156 157
WINGSTATION 79 158 159
WINGSTATION 80 160 161
WINGSTATION 81 162 163
WINGSTATION 82 164 165
WINGSTATION 83 166 167
WINGSTATION 84 168 169
WINGSTATION 85 170 171
WINGSTATION 86 172 173
WINGSTATION 87 174 175
WINGSTATION 88 176 177
WINGSTATION 89 178 179
WINGSTATION 90 180 181
WINGSTATION 91 182 183
WINGSTATION 92 184 185
WINGSTATION 93 186 187
WINGSTATION 94 188 189
WINGSTATION 95 190 191
WINGSTATION 96 192 193
WINGSTATION 97 194 195
WINGSTATION 98 196 197
WINGSTATION 99 198 199
WINGSTATION 100 200 201
WINGSTATION 101 202 203
WINGSTATION 102 204 205
WINGSTATION 103 206 207
WINGSTATION 104 208 209
WINGSTATION 105 210 211
WINGSTATION 106 212 213
WINGSTATION 107 214 215
WINGSTATION 108 216 217
WINGSTATION 109 218 219
WINGSTATION 110 220 221
WINGSTATION 111 222 223
WINGSTATION 112 224 225
WINGSTATION 113 226 227
WINGSTATION 114 228 229
WINGSTATION 115 230 231
WINGSTATION 116 232 233
WINGSTATION 117 234 235
WINGSTATION 118 236 237
WINGSTATION 119 238 239
WINGSTATION 120 240 241
WINGSTATION 121 242 243
WINGSTATION 122 244 245
WINGSTATION 123 246 247
WINGSTATION 124 248 249
WINGSTATION 125 250 251
WINGSTATION 126 252 253
WINGSTATION 127 254 255
WINGSTATION 128 256 257
WINGSTATION 129 258 259
WINGSTATION 130 260 261
WINGSTATION 131 262 263
WINGSTATION 132 264 265
WINGSTATION 133 266 267
WINGSTATION 134 268 269
WINGSTATION 135 270 271
WINGSTATION 136 272 273
WINGSTATION 137 274 275
WINGSTATION 138 276 277
WINGSTATION 139 278 279
WINGSTATION 140 280 281
WINGSTATION 141 282 283
WINGSTATION 142 284 285
WINGSTATION 143 286 287
WINGSTATION 144 288 289
WINGSTATION 145 290 291
WINGSTATION 146 292 293
WINGSTATION 147 294 295
WINGSTATION 148 296 297
WINGSTATION 149 298 299
WINGSTATION 150 300 301
WINGSTATION 151 302 303
WINGSTATION 152 304 305
WINGSTATION 153 306 307
WINGSTATION 154 308 309
WINGSTATION 155 310 311
WINGSTATION 156 312 313
WINGSTATION 157 314 315
WINGSTATION 158 316 317
WINGSTATION 159 318 319
WINGSTATION 160 320 321
WINGSTATION 161 322 323
WINGSTATION 162 324 325
WINGSTATION 163 326 327
WINGSTATION 164 328 329
WINGSTATION 165 330 331
WINGSTATION 166 332 333
WINGSTATION 167 334 335
WINGSTATION 168 336 337
WINGSTATION 169 338 339
WINGSTATION 170 340 341
WINGSTATION 171 342 343
WINGSTATION 172 344 345
WINGSTATION 173 346 347
WINGSTATION 174 348 349
WINGSTATION 175 350 351
WINGSTATION 176 352 353
WINGSTATION 177 354 355
WINGSTATION 178 356 357
WINGSTATION 179 358 359
WINGSTATION 180 360 361
WINGSTATION 181 362 363
WINGSTATION 182 364 365
WINGSTATION 183 366 367
WINGSTATION 184 368 369
WINGSTATION 185 370 371
WINGSTATION 186 372 373
WINGSTATION 187 374 375
WINGSTATION 188 376 377
WINGSTATION 189 378 379
WINGSTATION 190 380 381
WINGSTATION 191 382 383
WINGSTATION 192 384 385
WINGSTATION 193 386 387
WINGSTATION 194 388 389
WINGSTATION 195 390 391
WINGSTATION 196 392 393
WINGSTATION 197 394 395
WINGSTATION 198 396 397
WINGSTATION 199 398 399
WING 0 0 1 2 3 4 5 6 7 8 9 10 11 12 13 14 15 16 17 18 19 20 21 22 23 24 25 26 27 28 29 30 31 32 33 34 35 36 37 38 39 40 41 42 43 44 45 46 47 48 49 50 51 52 53 54 55 56 57 58 59 60 61 62 63 64 65 66 67 68 69 70 71 72 73 74 75 76 77 78 79 80 81 82 83 84 85 86 87 88 89 90 91 92 93 94 95 96 97 98 99
WING 1 199 198 197 196 195 194 193 192 191 190 189 188 187 186 185 184 183 182 181 180 179 178 177 176 175 174 173 172 171 170 169 168 167 166 165 164 163 162 161 160 159 158 157 156 155 154 153 152 151 150 149 148 147 146 145 144 143 142 141 140 139 138 137 136 135 134 133 132 131 130 129 128 127 126 125 124 123 122 121 120 119 118 117 116 115 114 113 112 111 110 109 108 107 106 105 104 103 102 101 100
