NODE 0 0.0 0.0 0.0
NODE 1 0.08333333333333333 0.0 0.0
NODE 2 0.16666666666666666 0.0 0.0
NODE 3 0.25 0.0 0.0
NODE 4 0.3333333333333333 0.0 0.0
NODE 5 0.41666666666666663 0.0 0.0
NODE 6 0.5 0.0 0.0
NODE 7 0.5833333333333333 0.0 0.0
NODE 8 0.6666666666666666 0.0 0.0
NODE 9 0.75 0.0 0.0
NODE 10 0.8333333333333333 0.0 0.0
NODE 11 0.9166666666666666 0.0 0.0
NODE 12 1.0 0.0 0.0
NODE 13 0.0 0.32 0.0
NODE 14 0.08333333333333333 0.32 0.0
NODE 15 0.16666666666666666 0.32 0.0
NODE 16 0.25 0.32 0.0
NODE 17 0.3333333333333333 0.32 0.0
NODE 18 0.41666666666666663 0.32 0.0
NODE 19 0.5 0.32 0.0
NODE 20 0.5833333333333333 0.32 0.0
NODE 21 0.6666666666666666 0.32 0.0
NODE 22 0.75 0.32 0.0
NODE 23 0.8333333333333333 0.32 0.0
NODE 24 0.9166666666666666 0.32 0.0
NODE 25 1.0 0.32 0.0
NODE 26 0.0 0.64 0.0
NODE 27 0.08333333333333333 0.64 0.0
NODE 28 0.16666666666666666 0.64 0.0
NODE 29 0.25 0.64 0.0
NODE 30 0.3333333333333333 0.64 0.0
NODE 31 0.41666666666666663 0.64 0.0
NODE 32 0.5 0.64 0.0
NODE 33 0.5833333333333333 0.64 0.0
NODE 34 0.6666666666666666 0.64 0.0
NODE 35 0.75 0.64 0.0
NODE 36 0.8333333333333333 0.64 0.0
NODE 37 0.9166666666666666 0.64 0.0
NODE 38 1.0 0.64 0.0
NODE 39 0.0 0.96 0.0
NODE 40 0.08333333333333333 0.96 0.0
NODE 41 0.16666666666666666 0.96 0.0
NODE 42 0.25 0.96 0.0
NODE 43 0.3333333333333333 0.96 0.0
NODE 44 0.41666666666666663 0.96 0.0
NODE 45 0.5 0.96 0.0
NODE 46 0.5833333333333333 0.96 0.0
NODE 47 0.6666666666666666 0.96 0.0
NODE 48 0.75 0.96 0.0
NODE 49 0.8333333333333333 0.96 0.0
NODE 50 0.9166666666666666 0.96 0.0
NODE 51 1.0 0.96 0.0
NODE 52 0.0 1.28 0.0
NODE 53 0.08333333333333333 1.28 0.0
NODE 54 0.16666666666666666 1.28 0.0
NODE 55 0.25 1.28 0.0
NODE 56 0.3333333333333333 1.28 0.0
NODE 57 0.41666666666666663 1.28 0.0
NODE 58 0.5 1.28 0.0
NODE 59 0.5833333333333333 1.28 0.0
NODE 60 0.6666666666666666 1.28 0.0
NODE 61 0.75 1.28 0.0
NODE 62 0.8333333333333333 1.28 0.0
NODE 63 0.9166666666666666 1.28 0.0
NODE 64 1.0 1.28 0.0
NODE 65 0.0 1.6 0.0
NODE 66 0.08333333333333333 1.6 0.0
NODE 67 0.16666666666666666 1.6 0.0
NODE 68 0.25 1.6 0.0
NODE 69 0.3333333333333333 1.6 0.0
NODE 70 0.41666666666666663 1.6 0.0
NODE 71 0.5 1.6 0.0
NODE 72 0.5833333333333333 1.6 0.0
NODE 73 0.6666666666666666 1.6 0.0
NODE 74 0.75 1.6 0.0
NODE 75 0.8333333333333333 1.6 0.0
NODE 76 0.9166666666666666 1.6 0.0
NODE 77 1.0 1.6 0.0
NODE 78 0.0 1.92 0.0
NODE 79 0.08333333333333333 1.92 0.0
NODE 80 0.16666666666666666 1.92 0.0
NODE 81 0.25 1.92 0.0
NODE 82 0.3333333333333333 1.92 0.0
NODE 83 0.41666666666666663 1.92 0.0
NODE 84 0.5 1.92 0.0
NODE 85 0.5833333333333333 1.92 0.0
NODE 86 0.6666666666666666 1.92 0.0
NODE 87 0.75 1.92 0.0
NODE 88 0.8333333333333333 1.92 0.0
NODE 89 0.9166666666666666 1.92 0.0
NODE 90 1.0 1.92 0.0
NODE 91 0.0 2.24 0.0
NODE 92 0.08333333333333333 2.24 0.0
NODE 93 0.16666666666666666 2.24 0.0
NODE 94 0.25 2.24 0.0
NODE 95 0.3333333333333333 2.24 0.0
NODE 96 0.41666666666666663 2.24 0.0
NODE 97 0.5 2.24 0.0
NODE 98 0.5833333333333333 2.24 0.0
NODE 99 0.6666666666666666 2.24 0.0
NODE 100 0.75 2.24 0.0
NODE 101 0.8333333333333333 2.24 0.0
NODE 102 0.9166666666666666 2.24 0.0
NODE 103 1.0 2.24 0.0
NODE 104 0.0 2.56 0.0
NODE 105 0.08333333333333333 2.56 0.0
NODE 106 0.16666666666666666 2.56 0.0
NODE 107 0.25 2.56 0.0
NODE 108 0.3333333333333333 2.56 0.0
NODE 109 0.41666666666666663 2.56 0.0
NODE 110 0.5 2.56 0.0
NODE 111 0.5833333333333333 2.56 0.0
NODE 112 0.6666666666666666 2.56 0.0
NODE 113 0.75 2.56 0.0
NODE 114 0.8333333333333333 2.56 0.0
NODE 115 0.9166666666666666 2.56 0.0
NODE 116 1.0 2.56 0.0
NODE 117 0.0 2.88 0.0
NODE 118 0.08333333333333333 2.88 0.0
NODE 119 0.16666666666666666 2.88 0.0
NODE 120 0.25 2.88 0.0
NODE 121 0.3333333333333333 2.88 0.0
NODE 122 0.41666666666666663 2.88 0.0
NODE 123 0.5 2.88 0.0
NODE 124 0.5833333333333333 2.88 0.0
NODE 125 0.6666666666666666 2.88 0.0
NODE 126 0.75 2.88 0.0
NODE 127 0.8333333333333333 2.88 0.0
NODE 128 0.9166666666666666 2.88 0.0
NODE 129 1.0 2.88 0.0
NODE 130 0.0 3.2 0.0
NODE 131 0.08333333333333333 3.2 0.0
NODE 132 0.16666666666666666 3.2 0.0
NODE 133 0.25 3.2 0.0
NODE 134 0.3333333333333333 3.2 0.0
NODE 135 0.41666666666666663 3.2 0.0
NODE 136 0.5 3.2 0.0
NODE 137 0.5833333333333333 3.2 0.0
NODE 138 0.6666666666666666 3.2 0.0
NODE 139 0.75 3.2 0.0
NODE 140 0.8333333333333333 3.2 0.0
NODE 141 0.9166666666666666 3.2 0.0
NODE 142 1.0 3.2 0.0
NODE 143 0.0 3.52 0.0
NODE 144 0.08333333333333333 3.52 0.0
NODE 145 0.16666666666666666 3.52 0.0
NODE 146 0.25 3.52 0.0
NODE 147 0.3333333333333333 3.52 0.0
NODE 148 0.41666666666666663 3.52 0.0
NODE 149 0.5 3.52 0.0
NODE 150 0.5833333333333333 3.52 0.0
NODE 151 0.6666666666666666 3.52 0.0
NODE 152 0.75 3.52 0.0
NODE 153 0.8333333333333333 3.52 0.0
NODE 154 0.9166666666666666 3.52 0.0
NODE 155 1.0 3.52 0.0
NODE 156 0.0 3.84 0.0
NODE 157 0.08333333333333333 3.84 0.0
NODE 158 0.16666666666666666 3.84 0.0
NODE 159 0.25 3.84 0.0
NODE 160 0.3333333333333333 3.84 0.0
NODE 161 0.41666666666666663 3.84 0.0
NODE 162 0.5 3.84 0.0
NODE 163 0.5833333333333333 3.84 0.0
NODE 164 0.6666666666666666 3.84 0.0
NODE 165 0.75 3.84 0.0
NODE 166 0.8333333333333333 3.84 0.0
NODE 167 0.9166666666666666 3.84 0.0
NODE 168 1.0 3.84 0.0
NODE 169 0.0 4.16 0.0
NODE 170 0.08333333333333333 4.16 0.0
NODE 171 0.16666666666666666 4.16 0.0
NODE 172 0.25 4.16 0.0
NODE 173 0.3333333333333333 4.16 0.0
NODE 174 0.41666666666666663 4.16 0.0
NODE 175 0.5 4.16 0.0
NODE 176 0.5833333333333333 4.16 0.0
NODE 177 0.6666666666666666 4.16 0.0
NODE 178 0.75 4.16 0.0
NODE 179 0.8333333333333333 4.16 0.0
NODE 180 0.9166666666666666 4.16 0.0
NODE 181 1.0 4.16 0.0
NODE 182 0.0 4.48 0.0
NODE 183 0.08333333333333333 4.48 0.0
NODE 184 0.16666666666666666 4.48 0.0
NODE 185 0.25 4.48 0.0
NODE 186 0.3333333333333333 4.48 0.0
NODE 187 0.41666666666666663 4.48 0.0
NODE 188 0.5 4.48 0.0
NODE 189 0.5833333333333333 4.48 0.0
NODE 190 0.6666666666666666 4.48 0.0
NODE 191 0.75 4.48 0.0
NODE 192 0.8333333333333333 4.48 0.0
NODE 193 0.9166666666666666 4.48 0.0
NODE 194 1.0 4.48 0.0
NODE 195 0.0 4.8 0.0
NODE 196 0.08333333333333333 4.8 0.0
NODE 197 0.16666666666666666 4.8 0.0
NODE 198 0.25 4.8 0.0
NODE 199 0.3333333333333333 4.8 0.0
NODE 200 0.41666666666666663 4.8 0.0
NODE 201 0.5 4.8 0.0
NODE 202 0.5833333333333333 4.8 0.0
NODE 203 0.6666666666666666 4.8 0.0
NODE 204 0.75 4.8 0.0
NODE 205 0.8333333333333333 4.8 0.0
NODE 206 0.9166666666666666 4.8 0.0
NODE 207 1.0 4.8 0.0
NODE 208 0.0 5.12 0.0
NODE 209 0.08333333333333333 5.12 0.0
NODE 210 0.16666666666666666 5.12 0.0
NODE 211 0.25 5.12 0.0
NODE 212 0.3333333333333333 5.12 0.0
NODE 213 0.41666666666666663 5.12 0.0
NODE 214 0.5 5.12 0.0
NODE 215 0.5833333333333333 5.12 0.0
NODE 216 0.6666666666666666 5.12 0.0
NODE 217 0.75 5.12 0.0
NODE 218 0.8333333333333333 5.12 0.0
NODE 219 0.9166666666666666 5.12 0.0
NODE 220 1.0 5.12 0.0
NODE 221 0.0 5.44 0.0
NODE 222 0.08333333333333333 5.44 0.0
NODE 223 0.16666666666666666 5.44 0.0
NODE 224 0.25 5.44 0.0
NODE 225 0.3333333333333333 5.44 0.0
NODE 226 0.41666666666666663 5.44 0.0
NODE 227 0.5 5.44 0.0
NODE 228 0.5833333333333333 5.44 0.0
NODE 229 0.6666666666666666 5.44 0.0
NODE 230 0.75 5.44 0.0
NODE 231 0.8333333333333333 5.44 0.0
NODE 232 0.9166666666666666 5.44 0.0
NODE 233 1.0 5.44 0.0
NODE 234 0.0 5.76 0.0
NODE 235 0.08333333333333333 5.76 0.0
NODE 236 0.16666666666666666 5.76 0.0
NODE 237 0.25 5.76 0.0
NODE 238 0.3333333333333333 5.76 0.0
NODE 239 0.41666666666666663 5.76 0.0
NODE 240 0.5 5.76 0.0
NODE 241 0.5833333333333333 5.76 0.0
NODE 242 0.6666666666666666 5.76 0.0
NODE 243 0.75 5.76 0.0
NODE 244 0.8333333333333333 5.76 0.0
NODE 245 0.9166666666666666 5.76 0.0
NODE 246 1.0 5.76 0.0
NODE 247 0.0 6.08 0.0
NODE 248 0.08333333333333333 6.08 0.0
NODE 249 0.16666666666666666 6.08 0.0
NODE 250 0.25 6.08 0.0
NODE 251 0.3333333333333333 6.08 0.0
NODE 252 0.41666666666666663 6.08 0.0
NODE 253 0.5 6.08 0.0
NODE 254 0.5833333333333333 6.08 0.0
NODE 255 0.6666666666666666 6.08 0.0
NODE 256 0.75 6.08 0.0
NODE 257 0.8333333333333333 6.08 0.0
NODE 258 0.9166666666666666 6.08 0.0
NODE 259 1.0 6.08 0.0
NODE 260 0.0 6.4 0.0
NODE 261 0.08333333333333333 6.4 0.0
NODE 262 0.16666666666666666 6.4 0.0
NODE 263 0.25 6.4 0.0
NODE 264 0.3333333333333333 6.4 0.0
NODE 265 0.41666666666666663 6.4 0.0
NODE 266 0.5 6.4 0.0
NODE 267 0.5833333333333333 6.4 0.0
NODE 268 0.6666666666666666 6.4 0.0
NODE 269 0.75 6.4 0.0
NODE 270 0.8333333333333333 6.4 0.0
NODE 271 0.9166666666666666 6.4 0.0
NODE 272 1.0 6.4 0.0
NODE 273 0.0 6.72 0.0
NODE 274 0.08333333333333333 6.72 0.0
NODE 275 0.16666666666666666 6.72 0.0
NODE 276 0.25 6.72 0.0
NODE 277 0.3333333333333333 6.72 0.0
NODE 278 0.41666666666666663 6.72 0.0
NODE 279 0.5 6.72 0.0
NODE 280 0.5833333333333333 6.72 0.0
NODE 281 0.6666666666666666 6.72 0.0
NODE 282 0.75 6.72 0.0
NODE 283 0.8333333333333333 6.72 0.0
NODE 284 0.9166666666666666 6.72 0.0
NODE 285 1.0 6.72 0.0
NODE 286 0.0 7.04 0.0
NODE 287 0.08333333333333333 7.04 0.0
NODE 288 0.16666666666666666 7.04 0.0
NODE 289 0.25 7.04 0.0
NODE 290 0.3333333333333333 7.04 0.0
NODE 291 0.41666666666666663 7.04 0.0
NODE 292 0.5 7.04 0.0
NODE 293 0.5833333333333333 7.04 0.0
NODE 294 0.6666666666666666 7.04 0.0
NODE 295 0.75 7.04 0.0
NODE 296 0.8333333333333333 7.04 0.0
NODE 297 0.9166666666666666 7.04 0.0
NODE 298 1.0 7.04 0.0
NODE 299 0.0 7.36 0.0
NODE 300 0.08333333333333333 7.36 0.0
NODE 301 0.16666666666666666 7.36 0.0
NODE 302 0.25 7.36 0.0
NODE 303 0.3333333333333333 7.36 0.0
NODE 304 0.41666666666666663 7.36 0.0
NODE 305 0.5 7.36 0.0
NODE 306 0.5833333333333333 7.36 0.0
NODE 307 0.6666666666666666 7.36 0.0
NODE 308 0.75 7.36 0.0
NODE 309 0.8333333333333333 7.36 0.0
NODE 310 0.9166666666666666 7.36 0.0
NODE 311 1.0 7.36 0.0
NODE 312 0.0 7.68 0.0
NODE 313 0.08333333333333333 7.68 0.0
NODE 314 0.16666666666666666 7.68 0.0
NODE 315 0.25 7.68 0.0
NODE 316 0.3333333333333333 7.68 0.0
NODE 317 0.41666666666666663 7.68 0.0
NODE 318 0.5 7.68 0.0
NODE 319 0.5833333333333333 7.68 0.0
NODE 320 0.6666666666666666 7.68 0.0
NODE 321 0.75 7.68 0.0
NODE 322 0.8333333333333333 7.68 0.0
NODE 323 0.9166666666666666 7.68 0.0
NODE 324 1.0 7.68 0.0
NODE 325 0.0 8.0 0.0
NODE 326 0.08333333333333333 8.0 0.0
NODE 327 0.16666666666666666 8.0 0.0
NODE 328 0.25 8.0 0.0
NODE 329 0.3333333333333333 8.0 0.0
NODE 330 0.41666666666666663 8.0 0.0
NODE 331 0.5 8.0 0.0
NODE 332 0.5833333333333333 8.0 0.0
NODE 333 0.6666666666666666 8.0 0.0
NODE 334 0.75 8.0 0.0
NODE 335 0.8333333333333333 8.0 0.0
NODE 336 0.9166666666666666 8.0 0.0
NODE 337 1.0 8.0 0.0
NODE 338 0.0 8.32 0.0
NODE 339 0.08333333333333333 8.32 0.0
NODE 340 0.16666666666666666 8.32 0.0
NODE 341 0.25 8.32 0.0
NODE 342 0.3333333333333333 8.32 0.0
NODE 343 0.41666666666666663 8.32 0.0
NODE 344 0.5 8.32 0.0
NODE 345 0.5833333333333333 8.32 0.0
NODE 346 0.6666666666666666 8.32 0.0
NODE 347 0.75 8.32 0.0
NODE 348 0.8333333333333333 8.32 0.0
NODE 349 0.9166666666666666 8.32 0.0
NODE 350 1.0 8.32 0.0
NODE 351 0.0 8.64 0.0
NODE 352 0.08333333333333333 8.64 0.0
NODE 353 0.16666666666666666 8.64 0.0
NODE 354 0.25 8.64 0.0
NODE 355 0.3333333333333333 8.64 0.0
NODE 356 0.41666666666666663 8.64 0.0
NODE 357 0.5 8.64 0.0
NODE 358 0.5833333333333333 8.64 0.0
NODE 359 0.6666666666666666 8.64 0.0
NODE 360 0.75 8.64 0.0
NODE 361 0.8333333333333333 8.64 0.0
NODE 362 0.9166666666666666 8.64 0.0
NODE 363 1.0 8.64 0.0
NODE 364 0.0 8.96 0.0
NODE 365 0.08333333333333333 8.96 0.0
NODE 366 0.16666666666666666 8.96 0.0
NODE 367 0.25 8.96 0.0
NODE 368 0.3333333333333333 8.96 0.0
NODE 369 0.41666666666666663 8.96 0.0
NODE 370 0.5 8.96 0.0
NODE 371 0.5833333333333333 8.96 0.0
NODE 372 0.6666666666666666 8.96 0.0
NODE 373 0.75 8.96 0.0
NODE 374 0.8333333333333333 8.96 0.0
NODE 375 0.9166666666666666 8.96 0.0
NODE 376 1.0 8.96 0.0
NODE 377 0.0 9.28 0.0
NODE 378 0.08333333333333333 9.28 0.0
NODE 379 0.16666666666666666 9.28 0.0
NODE 380 0.25 9.28 0.0
NODE 381 0.3333333333333333 9.28 0.0
NODE 382 0.41666666666666663 9.28 0.0
NODE 383 0.5 9.28 0.0
NODE 384 0.5833333333333333 9.28 0.0
NODE 385 0.6666666666666666 9.28 0.0
NODE 386 0.75 9.28 0.0
NODE 387 0.8333333333333333 9.28 0.0
NODE 388 0.9166666666666666 9.28 0.0
NODE 389 1.0 9.28 0.0
NODE 390 0.0 9.6 0.0
NODE 391 0.08333333333333333 9.6 0.0
NODE 392 0.16666666666666666 9.6 0.0
NODE 393 0.25 9.6 0.0
NODE 394 0.3333333333333333 9.6 0.0
NODE 395 0.41666666666666663 9.6 0.0
NODE 396 0.5 9.6 0.0
NODE 397 0.5833333333333333 9.6 0.0
NODE 398 0.6666666666666666 9.6 0.0
NODE 399 0.75 9.6 0.0
NODE 400 0.8333333333333333 9.6 0.0
NODE 401 0.9166666666666666 9.6 0.0
NODE 402 1.0 9.6 0.0
NODE 403 0.0 9.92 0.0
NODE 404 0.08333333333333333 9.92 0.0
NODE 405 0.16666666666666666 9.92 0.0
NODE 406 0.25 9.92 0.0
NODE 407 0.3333333333333333 9.92 0.0
NODE 408 0.41666666666666663 9.92 0.0
NODE 409 0.5 9.92 0.0
NODE 410 0.5833333333333333 9.92 0.0
NODE 411 0.6666666666666666 9.92 0.0
NODE 412 0.75 9.92 0.0
NODE 413 0.8333333333333333 9.92 0.0
NODE 414 0.9166666666666666 9.92 0.0
NODE 415 1.0 9.92 0.0
NODE 416 0.0 10.24 0.0
NODE 417 0.08333333333333333 10.24 0.0
NODE 418 0.16666666666666666 10.24 0.0
NODE 419 0.25 10.24 0.0
NODE 420 0.3333333333333333 10.24 0.0
NODE 421 0.41666666666666663 10.24 0.0
NODE 422 0.5 10.24 0.0
NODE 423 0.5833333333333333 10.24 0.0
NODE 424 0.6666666666666666 10.24 0.0
NODE 425 0.75 10.24 0.0
NODE 426 0.8333333333333333 10.24 0.0
NODE 427 0.9166666666666666 10.24 0.0
NODE 428 1.0 10.24 0.0
NODE 429 0.0 10.56 0.0
NODE 430 0.08333333333333333 10.56 0.0
NODE 431 0.16666666666666666 10.56 0.0
NODE 432 0.25 10.56 0.0
NODE 433 0.3333333333333333 10.56 0.0
NODE 434 0.41666666666666663 10.56 0.0
NODE 435 0.5 10.56 0.0
NODE 436 0.5833333333333333 10.56 0.0
NODE 437 0.6666666666666666 10.56 0.0
NODE 438 0.75 10.56 0.0
NODE 439 0.8333333333333333 10.56 0.0
NODE 440 0.9166666666666666 10.56 0.0
NODE 441 1.0 10.56 0.0
NODE 442 0.0 10.88 0.0
NODE 443 0.08333333333333333 10.88 0.0
NODE 444 0.16666666666666666 10.88 0.0
NODE 445 0.25 10.88 0.0
NODE 446 0.3333333333333333 10.88 0.0
NODE 447 0.41666666666666663 10.88 0.0
NODE 448 0.5 10.88 0.0
NODE 449 0.5833333333333333 10.88 0.0
NODE 450 0.6666666666666666 10.88 0.0
NODE 451 0.75 10.88 0.0
NODE 452 0.8333333333333333 10.88 0.0
NODE 453 0.9166666666666666 10.88 0.0
NODE 454 1.0 10.88 0.0
NODE 455 0.0 11.200000000000001 0.0
NODE 456 0.08333333333333333 11.200000000000001 0.0
NODE 457 0.16666666666666666 11.200000000000001 0.0
NODE 458 0.25 11.200000000000001 0.0
NODE 459 0.3333333333333333 11.200000000000001 0.0
NODE 460 0.41666666666666663 11.200000000000001 0.0
NODE 461 0.5 11.200000000000001 0.0
NODE 462 0.5833333333333333 11.200000000000001 0.0
NODE 463 0.6666666666666666 11.200000000000001 0.0
NODE 464 0.75 11.200000000000001 0.0
NODE 465 0.8333333333333333 11.200000000000001 0.0
NODE 466 0.9166666666666666 11.200000000000001 0.0
NODE 467 1.0 11.200000000000001 0.0
NODE 468 0.0 11.52 0.0
NODE 469 0.08333333333333333 11.52 0.0
NODE 470 0.16666666666666666 11.52 0.0
NODE 471 0.25 11.52 0.0
NODE 472 0.3333333333333333 11.52 0.0
NODE 473 0.41666666666666663 11.52 0.0
NODE 474 0.5 11.52 0.0
NODE 475 0.5833333333333333 11.52 0.0
NODE 476 0.6666666666666666 11.52 0.0
NODE 477 0.75 11.52 0.0
NODE 478 0.8333333333333333 11.52 0.0
NODE 479 0.9166666666666666 11.52 0.0
NODE 480 1.0 11.52 0.0
NODE 481 0.0 11.84 0.0
NODE 482 0.08333333333333333 11.84 0.0
NODE 483 0.16666666666666666 11.84 0.0
NODE 484 0.25 11.84 0.0
NODE 485 0.3333333333333333 11.84 0.0
NODE 486 0.41666666666666663 11.84 0.0
NODE 487 0.5 11.84 0.0
NODE 488 0.5833333333333333 11.84 0.0
NODE 489 0.6666666666666666 11.84 0.0
NODE 490 0.75 11.84 0.0
NODE 491 0.8333333333333333 11.84 0.0
NODE 492 0.9166666666666666 11.84 0.0
NODE 493 1.0 11.84 0.0
NODE 494 0.0 12.16 0.0
NODE 495 0.08333333333333333 12.16 0.0
NODE 496 0.16666666666666666 12.16 0.0
NODE 497 0.25 12.16 0.0
NODE 498 0.3333333333333333 12.16 0.0
NODE 499 0.41666666666666663 12.16 0.0
NODE 500 0.5 12.16 0.0
NODE 501 0.5833333333333333 12.16 0.0
NODE 502 0.6666666666666666 12.16 0.0
NODE 503 0.75 12.16 0.0
NODE 504 0.8333333333333333 12.16 0.0
NODE 505 0.9166666666666666 12.16 0.0
NODE 506 1.0 12.16 0.0
NODE 507 0.0 12.48 0.0
NODE 508 0.08333333333333333 12.48 0.0
NODE 509 0.16666666666666666 12.48 0.0
NODE 510 0.25 12.48 0.0
NODE 511 0.3333333333333333 12.48 0.0
NODE 512 0.41666666666666663 12.48 0.0
NODE 513 0.5 12.48 0.0
NODE 514 0.5833333333333333 12.48 0.0
NODE 515 0.6666666666666666 12.48 0.0
NODE 516 0.75 12.48 0.0
NODE 517 0.8333333333333333 12.48 0.0
NODE 518 0.9166666666666666 12.48 0.0
NODE 519 1.0 12.48 0.0
NODE 520 0.0 12.8 0.0
NODE 521 0.08333333333333333 12.8 0.0
NODE 522 0.16666666666666666 12.8 0.0
NODE 523 0.25 12.8 0.0
NODE 524 0.3333333333333333 12.8 0.0
NODE 525 0.41666666666666663 12.8 0.0
NODE 526 0.5 12.8 0.0
NODE 527 0.5833333333333333 12.8 0.0
NODE 528 0.6666666666666666 12.8 0.0
NODE 529 0.75 12.8 0.0
NODE 530 0.8333333333333333 12.8 0.0
NODE 531 0.9166666666666666 12.8 0.0
NODE 532 1.0 12.8 0.0
NODE 533 0.0 13.120000000000001 0.0
NODE 534 0.08333333333333333 13.120000000000001 0.0
NODE 535 0.16666666666666666 13.120000000000001 0.0
NODE 536 0.25 13.120000000000001 0.0
NODE 537 0.3333333333333333 13.120000000000001 0.0
NODE 538 0.41666666666666663 13.120000000000001 0.0
NODE 539 0.5 13.120000000000001 0.0
NODE 540 0.5833333333333333 13.120000000000001 0.0
NODE 541 0.6666666666666666 13.120000000000001 0.0
NODE 542 0.75 13.120000000000001 0.0
NODE 543 0.8333333333333333 13.120000000000001 0.0
NODE 544 0.9166666666666666 13.120000000000001 0.0
NODE 545 1.0 13.120000000000001 0.0
NODE 546 0.0 13.44 0.0
NODE 547 0.08333333333333333 13.44 0.0
NODE 548 0.16666666666666666 13.44 0.0
NODE 549 0.25 13.44 0.0
NODE 550 0.3333333333333333 13.44 0.0
NODE 551 0.41666666666666663 13.44 0.0
NODE 552 0.5 13.44 0.0
NODE 553 0.5833333333333333 13.44 0.0
NODE 554 0.6666666666666666 13.44 0.0
NODE 555 0.75 13.44 0.0
NODE 556 0.8333333333333333 13.44 0.0
NODE 557 0.9166666666666666 13.44 0.0
NODE 558 1.0 13.44 0.0
NODE 559 0.0 13.76 0.0
NODE 560 0.08333333333333333 13.76 0.0
NODE 561 0.16666666666666666 13.76 0.0
NODE 562 0.25 13.76 0.0
NODE 563 0.3333333333333333 13.76 0.0
NODE 564 0.41666666666666663 13.76 0.0
NODE 565 0.5 13.76 0.0
NODE 566 0.5833333333333333 13.76 0.0
NODE 567 0.6666666666666666 13.76 0.0
NODE 568 0.75 13.76 0.0
NODE 569 0.8333333333333333 13.76 0.0
NODE 570 0.9166666666666666 13.76 0.0
NODE 571 1.0 13.76 0.0
NODE 572 0.0 14.08 0.0
NODE 573 0.08333333333333333 14.08 0.0
NODE 574 0.16666666666666666 14.08 0.0
NODE 575 0.25 14.08 0.0
NODE 576 0.3333333333333333 14.08 0.0
NODE 577 0.41666666666666663 14.08 0.0
NODE 578 0.5 14.08 0.0
NODE 579 0.5833333333333333 14.08 0.0
NODE 580 0.6666666666666666 14.08 0.0
NODE 581 0.75 14.08 0.0
NODE 582 0.8333333333333333 14.08 0.0
NODE 583 0.9166666666666666 14.08 0.0
NODE 584 1.0 14.08 0.0
NODE 585 0.0 14.4 0.0
NODE 586 0.08333333333333333 14.4 0.0
NODE 587 0.16666666666666666 14.4 0.0
NODE 588 0.25 14.4 0.0
NODE 589 0.3333333333333333 14.4 0.0
NODE 590 0.41666666666666663 14.4 0.0
NODE 591 0.5 14.4 0.0
NODE 592 0.5833333333333333 14.4 0.0
NODE 593 0.6666666666666666 14.4 0.0
NODE 594 0.75 14.4 0.0
NODE 595 0.8333333333333333 14.4 0.0
NODE 596 0.9166666666666666 14.4 0.0
NODE 597 1.0 14.4 0.0
NODE 598 0.0 14.72 0.0
NODE 599 0.08333333333333333 14.72 0.0
NODE 600 0.16666666666666666 14.72 0.0
NODE 601 0.25 14.72 0.0
NODE 602 0.3333333333333333 14.72 0.0
NODE 603 0.41666666666666663 14.72 0.0
NODE 604 0.5 14.72 0.0
NODE 605 0.5833333333333333 14.72 0.0
NODE 606 0.6666666666666666 14.72 0.0
NODE 607 0.75 14.72 0.0
NODE 608 0.8333333333333333 14.72 0.0
NODE 609 0.9166666666666666 14.72 0.0
NODE 610 1.0 14.72 0.0
NODE 611 0.0 15.040000000000001 0.0
NODE 612 0.08333333333333333 15.040000000000001 0.0
NODE 613 0.16666666666666666 15.040000000000001 0.0
NODE 614 0.25 15.040000000000001 0.0
NODE 615 0.3333333333333333 15.040000000000001 0.0
NODE 616 0.41666666666666663 15.040000000000001 0.0
NODE 617 0.5 15.040000000000001 0.0
NODE 618 0.5833333333333333 15.040000000000001 0.0
NODE 619 0.6666666666666666 15.040000000000001 0.0
NODE 620 0.75 15.040000000000001 0.0
NODE 621 0.8333333333333333 15.040000000000001 0.0
NODE 622 0.9166666666666666 15.040000000000001 0.0
NODE 623 1.0 15.040000000000001 0.0
NODE 624 0.0 15.36 0.0
NODE 625 0.08333333333333333 15.36 0.0
NODE 626 0.16666666666666666 15.36 0.0
NODE 627 0.25 15.36 0.0
NODE 628 0.3333333333333333 15.36 0.0
NODE 629 0.41666666666666663 15.36 0.0
NODE 630 0.5 15.36 0.0
NODE 631 0.5833333333333333 15.36 0.0
NODE 632 0.6666666666666666 15.36 0.0
NODE 633 0.75 15.36 0.0
NODE 634 0.8333333333333333 15.36 0.0
NODE 635 0.9166666666666666 15.36 0.0
NODE 636 1.0 15.36 0.0
NODE 637 0.0 15.68 0.0
NODE 638 0.08333333333333333 15.68 0.0
NODE 639 0.16666666666666666 15.68 0.0
NODE 640 0.25 15.68 0.0
NODE 641 0.3333333333333333 15.68 0.0
NODE 642 0.41666666666666663 15.68 0.0
NODE 643 0.5 15.68 0.0
NODE 644 0.5833333333333333 15.68 0.0
NODE 645 0.6666666666666666 15.68 0.0
NODE 646 0.75 15.68 0.0
NODE 647 0.8333333333333333 15.68 0.0
NODE 648 0.9166666666666666 15.68 0.0
NODE 649 1.0 15.68 0.0
NODE 650 0.0 16.0 0.0
NODE 651 0.08333333333333333 16.0 0.0
NODE 652 0.16666666666666666 16.0 0.0
NODE 653 0.25 16.0 0.0
NODE 654 0.3333333333333333 16.0 0.0
NODE 655 0.41666666666666663 16.0 0.0
NODE 656 0.5 16.0 0.0
NODE 657 0.5833333333333333 16.0 0.0
NODE 658 0.6666666666666666 16.0 0.0
NODE 659 0.75 16.0 0.0
NODE 660 0.8333333333333333 16.0 0.0
NODE 661 0.9166666666666666 16.0 0.0
NODE 662 1.0 16.0 0.0
NODE 663 0.0 -16.0 0.0
NODE 664 0.08333333333333333 -16.0 0.0
NODE 665 0.16666666666666666 -16.0 0.0
NODE 666 0.25 -16.0 0.0
NODE 667 0.3333333333333333 -16.0 0.0
NODE 668 0.41666666666666663 -16.0 0.0
NODE 669 0.5 -16.0 0.0
NODE 670 0.5833333333333333 -16.0 0.0
NODE 671 0.6666666666666666 -16.0 0.0
NODE 672 0.75 -16.0 0.0
NODE 673 0.8333333333333333 -16.0 0.0
NODE 674 0.9166666666666666 -16.0 0.0
NODE 675 1.0 -16.0 0.0
NODE 676 0.0 -15.68 0.0
NODE 677 0.08333333333333333 -15.68 0.0
NODE 678 0.16666666666666666 -15.68 0.0
NODE 679 0.25 -15.68 0.0
NODE 680 0.3333333333333333 -15.68 0.0
NODE 681 0.41666666666666663 -15.68 0.0
NODE 682 0.5 -15.68 0.0
NODE 683 0.5833333333333333 -15.68 0.0
NODE 684 0.6666666666666666 -15.68 0.0
NODE 685 0.75 -15.68 0.0
NODE 686 0.8333333333333333 -15.68 0.0
NODE 687 0.9166666666666666 -15.68 0.0
NODE 688 1.0 -15.68 0.0
NODE 689 0.0 -15.36 0.0
NODE 690 0.08333333333333333 -15.36 0.0
NODE 691 0.16666666666666666 -15.36 0.0
NODE 692 0.25 -15.36 0.0
NODE 693 0.3333333333333333 -15.36 0.0
NODE 694 0.41666666666666663 -15.36 0.0
NODE 695 0.5 -15.36 0.0
NODE 696 0.5833333333333333 -15.36 0.0
NODE 697 0.6666666666666666 -15.36 0.0
NODE 698 0.75 -15.36 0.0
NODE 699 0.8333333333333333 -15.36 0.0
NODE 700 0.9166666666666666 -15.36 0.0
NODE 701 1.0 -15.36 0.0
NODE 702 0.0 -15.04 0.0
NODE 703 0.08333333333333333 -15.04 0.0
NODE 704 0.16666666666666666 -15.04 0.0
NODE 705 0.25 -15.04 0.0
NODE 706 0.3333333333333333 -15.04 0.0
NODE 707 0.41666666666666663 -15.04 0.0
NODE 708 0.5 -15.04 0.0
NODE 709 0.5833333333333333 -15.04 0.0
NODE 710 0.6666666666666666 -15.04 0.0
NODE 711 0.75 -15.04 0.0
NODE 712 0.8333333333333333 -15.04 0.0
NODE 713 0.9166666666666666 -15.04 0.0
NODE 714 1.0 -15.04 0.0
NODE 715 0.0 -14.72 0.0
NODE 716 0.08333333333333333 -14.72 0.0
NODE 717 0.16666666666666666 -14.72 0.0
NODE 718 0.25 -14.72 0.0
NODE 719 0.3333333333333333 -14.72 0.0
NODE 720 0.41666666666666663 -14.72 0.0
NODE 721 0.5 -14.72 0.0
NODE 722 0.5833333333333333 -14.72 0.0
NODE 723 0.6666666666666666 -14.72 0.0
NODE 724 0.75 -14.72 0.0
NODE 725 0.8333333333333333 -14.72 0.0
NODE 726 0.9166666666666666 -14.72 0.0
NODE 727 1.0 -14.72 0.0
NODE 728 0.0 -14.4 0.0
NODE 729 0.08333333333333333 -14.4 0.0
NODE 730 0.16666666666666666 -14.4 0.0
NODE 731 0.25 -14.4 0.0
NODE 732 0.3333333333333333 -14.4 0.0
NODE 733 0.41666666666666663 -14.4 0.0
NODE 734 0.5 -14.4 0.0
NODE 735 0.5833333333333333 -14.4 0.0
NODE 736 0.6666666666666666 -14.4 0.0
NODE 737 0.75 -14.4 0.0
NODE 738 0.8333333333333333 -14.4 0.0
NODE 739 0.9166666666666666 -14.4 0.0
NODE 740 1.0 -14.4 0.0
NODE 741 0.0 -14.08 0.0
NODE 742 0.08333333333333333 -14.08 0.0
NODE 743 0.16666666666666666 -14.08 0.0
NODE 744 0.25 -14.08 0.0
NODE 745 0.3333333333333333 -14.08 0.0
NODE 746 0.41666666666666663 -14.08 0.0
NODE 747 0.5 -14.08 0.0
NODE 748 0.5833333333333333 -14.08 0.0
NODE 749 0.6666666666666666 -14.08 0.0
NODE 750 0.75 -14.08 0.0
NODE 751 0.8333333333333333 -14.08 0.0
NODE 752 0.9166666666666666 -14.08 0.0
NODE 753 1.0 -14.08 0.0
NODE 754 0.0 -13.76 0.0
NODE 755 0.08333333333333333 -13.76 0.0
NODE 756 0.16666666666666666 -13.76 0.0
NODE 757 0.25 -13.76 0.0
NODE 758 0.3333333333333333 -13.76 0.0
NODE 759 0.41666666666666663 -13.76 0.0
NODE 760 0.5 -13.76 0.0
NODE 761 0.5833333333333333 -13.76 0.0
NODE 762 0.6666666666666666 -13.76 0.0
NODE 763 0.75 -13.76 0.0
NODE 764 0.8333333333333333 -13.76 0.0
NODE 765 0.9166666666666666 -13.76 0.0
NODE 766 1.0 -13.76 0.0
NODE 767 0.0 -13.44 0.0
NODE 768 0.08333333333333333 -13.44 0.0
NODE 769 0.16666666666666666 -13.44 0.0
NODE 770 0.25 -13.44 0.0
NODE 771 0.3333333333333333 -13.44 0.0
NODE 772 0.41666666666666663 -13.44 0.0
NODE 773 0.5 -13.44 0.0
NODE 774 0.5833333333333333 -13.44 0.0
NODE 775 0.6666666666666666 -13.44 0.0
NODE 776 0.75 -13.44 0.0
NODE 777 0.8333333333333333 -13.44 0.0
NODE 778 0.9166666666666666 -13.44 0.0
NODE 779 1.0 -13.44 0.0
NODE 780 0.0 -13.120000000000001 0.0
NODE 781 0.08333333333333333 -13.120000000000001 0.0
NODE 782 0.16666666666666666 -13.120000000000001 0.0
NODE 783 0.25 -13.120000000000001 0.0
NODE 784 0.3333333333333333 -13.120000000000001 0.0
NODE 785 0.41666666666666663 -13.120000000000001 0.0
NODE 786 0.5 -13.120000000000001 0.0
NODE 787 0.5833333333333333 -13.120000000000001 0.0
NODE 788 0.6666666666666666 -13.120000000000001 0.0
NODE 789 0.75 -13.120000000000001 0.0
NODE 790 0.8333333333333333 -13.120000000000001 0.0
NODE 791 0.9166666666666666 -13.120000000000001 0.0
NODE 792 1.0 -13.120000000000001 0.0
NODE 793 0.0 -12.8 0.0
NODE 794 0.08333333333333333 -12.8 0.0
NODE 795 0.16666666666666666 -12.8 0.0
NODE 796 0.25 -12.8 0.0
NODE 797 0.3333333333333333 -12.8 0.0
NODE 798 0.41666666666666663 -12.8 0.0
NODE 799 0.5 -12.8 0.0
NODE 800 0.5833333333333333 -12.8 0.0
NODE 801 0.6666666666666666 -12.8 0.0
NODE 802 0.75 -12.8 0.0
NODE 803 0.8333333333333333 -12.8 0.0
NODE 804 0.9166666666666666 -12.8 0.0
NODE 805 1.0 -12.8 0.0
NODE 806 0.0 -12.48 0.0
NODE 807 0.08333333333333333 -12.48 0.0
NODE 808 0.16666666666666666 -12.48 0.0
NODE 809 0.25 -12.48 0.0
NODE 810 0.3333333333333333 -12.48 0.0
NODE 811 0.41666666666666663 -12.48 0.0
NODE 812 0.5 -12.48 0.0
NODE 813 0.5833333333333333 -12.48 0.0
NODE 814 0.6666666666666666 -12.48 0.0
NODE 815 0.75 -12.48 0.0
NODE 816 0.8333333333333333 -12.48 0.0
NODE 817 0.9166666666666666 -12.48 0.0
NODE 818 1.0 -12.48 0.0
NODE 819 0.0 -12.16 0.0
NODE 820 0.08333333333333333 -12.16 0.0
NODE 821 0.16666666666666666 -12.16 0.0
NODE 822 0.25 -12.16 0.0
NODE 823 0.3333333333333333 -12.16 0.0
NODE 824 0.41666666666666663 -12.16 0.0
NODE 825 0.5 -12.16 0.0
NODE 826 0.5833333333333333 -12.16 0.0
NODE 827 0.6666666666666666 -12.16 0.0
NODE 828 0.75 -12.16 0.0
NODE 829 0.8333333333333333 -12.16 0.0
NODE 830 0.9166666666666666 -12.16 0.0
NODE 831 1.0 -12.16 0.0
NODE 832 0.0 -11.84 0.0
NODE 833 0.08333333333333333 -11.84 0.0
NODE 834 0.16666666666666666 -11.84 0.0
NODE 835 0.25 -11.84 0.0
NODE 836 0.3333333333333333 -11.84 0.0
NODE 837 0.41666666666666663 -11.84 0.0
NODE 838 0.5 -11.84 0.0
NODE 839 0.5833333333333333 -11.84 0.0
NODE 840 0.6666666666666666 -11.84 0.0
NODE 841 0.75 -11.84 0.0
NODE 842 0.8333333333333333 -11.84 0.0
NODE 843 0.9166666666666666 -11.84 0.0
NODE 844 1.0 -11.84 0.0
NODE 845 0.0 -11.52 0.0
NODE 846 0.08333333333333333 -11.52 0.0
NODE 847 0.16666666666666666 -11.52 0.0
NODE 848 0.25 -11.52 0.0
NODE 849 0.3333333333333333 -11.52 0.0
NODE 850 0.41666666666666663 -11.52 0.0
NODE 851 0.5 -11.52 0.0
NODE 852 0.5833333333333333 -11.52 0.0
NODE 853 0.6666666666666666 -11.52 0.0
NODE 854 0.75 -11.52 0.0
NODE 855 0.8333333333333333 -11.52 0.0
NODE 856 0.9166666666666666 -11.52 0.0
NODE 857 1.0 -11.52 0.0
NODE 858 0.0 -11.2 0.0
NODE 859 0.08333333333333333 -11.2 0.0
NODE 860 0.16666666666666666 -11.2 0.0
NODE 861 0.25 -11.2 0.0
NODE 862 0.3333333333333333 -11.2 0.0
NODE 863 0.41666666666666663 -11.2 0.0
NODE 864 0.5 -11.2 0.0
NODE 865 0.5833333333333333 -11.2 0.0
NODE 866 0.6666666666666666 -11.2 0.0
NODE 867 0.75 -11.2 0.0
NODE 868 0.8333333333333333 -11.2 0.0
NODE 869 0.9166666666666666 -11.2 0.0
NODE 870 1.0 -11.2 0.0
NODE 871 0.0 -10.879999999999999 0.0
NODE 872 0.08333333333333333 -10.879999999999999 0.0
NODE 873 0.16666666666666666 -10.879999999999999 0.0
NODE 874 0.25 -10.879999999999999 0.0
NODE 875 0.3333333333333333 -10.879999999999999 0.0
NODE 876 0.41666666666666663 -10.879999999999999 0.0
NODE 877 0.5 -10.879999999999999 0.0
NODE 878 0.5833333333333333 -10.879999999999999 0.0
NODE 879 0.6666666666666666 -10.879999999999999 0.0
NODE 880 0.75 -10.879999999999999 0.0
NODE 881 0.8333333333333333 -10.879999999999999 0.0
NODE 882 0.9166666666666666 -10.879999999999999 0.0
NODE 883 1.0 -10.879999999999999 0.0
NODE 884 0.0 -10.559999999999999 0.0
NODE 885 0.08333333333333333 -10.559999999999999 0.0
NODE 886 0.16666666666666666 -10.559999999999999 0.0
NODE 887 0.25 -10.559999999999999 0.0
NODE 888 0.3333333333333333 -10.559999999999999 0.0
NODE 889 0.41666666666666663 -10.559999999999999 0.0
NODE 890 0.5 -10.559999999999999 0.0
NODE 891 0.5833333333333333 -10.559999999999999 0.0
NODE 892 0.6666666666666666 -10.559999999999999 0.0
NODE 893 0.75 -10.559999999999999 0.0
NODE 894 0.8333333333333333 -10.559999999999999 0.0
NODE 895 0.9166666666666666 -10.559999999999999 0.0
NODE 896 1.0 -10.559999999999999 0.0
NODE 897 0.0 -10.24 0.0
NODE 898 0.08333333333333333 -10.24 0.0
NODE 899 0.16666666666666666 -10.24 0.0
NODE 900 0.25 -10.24 0.0
NODE 901 0.3333333333333333 -10.24 0.0
NODE 902 0.41666666666666663 -10.24 0.0
NODE 903 0.5 -10.24 0.0
NODE 904 0.5833333333333333 -10.24 0.0
NODE 905 0.6666666666666666 -10.24 0.0
NODE 906 0.75 -10.24 0.0
NODE 907 0.8333333333333333 -10.24 0.0
NODE 908 0.9166666666666666 -10.24 0.0
NODE 909 1.0 -10.24 0.0
NODE 910 0.0 -9.92 0.0
NODE 911 0.08333333333333333 -9.92 0.0
NODE 912 0.16666666666666666 -9.92 0.0
NODE 913 0.25 -9.92 0.0
NODE 914 0.3333333333333333 -9.92 0.0
NODE 915 0.41666666666666663 -9.92 0.0
NODE 916 0.5 -9.92 0.0
NODE 917 0.5833333333333333 -9.92 0.0
NODE 918 0.6666666666666666 -9.92 0.0
NODE 919 0.75 -9.92 0.0
NODE 920 0.8333333333333333 -9.92 0.0
NODE 921 0.9166666666666666 -9.92 0.0
NODE 922 1.0 -9.92 0.0
NODE 923 0.0 -9.6 0.0
NODE 924 0.08333333333333333 -9.6 0.0
NODE 925 0.16666666666666666 -9.6 0.0
NODE 926 0.25 -9.6 0.0
NODE 927 0.3333333333333333 -9.6 0.0
NODE 928 0.41666666666666663 -9.6 0.0
NODE 929 0.5 -9.6 0.0
NODE 930 0.5833333333333333 -9.6 0.0
NODE 931 0.6666666666666666 -9.6 0.0
NODE 932 0.75 -9.6 0.0
NODE 933 0.8333333333333333 -9.6 0.0
NODE 934 0.9166666666666666 -9.6 0.0
NODE 935 1.0 -9.6 0.0
NODE 936 0.0 -9.280000000000001 0.0
NODE 937 0.08333333333333333 -9.280000000000001 0.0
NODE 938 0.16666666666666666 -9.280000000000001 0.0
NODE 939 0.25 -9.280000000000001 0.0
NODE 940 0.3333333333333333 -9.280000000000001 0.0
NODE 941 0.41666666666666663 -9.280000000000001 0.0
NODE 942 0.5 -9.280000000000001 0.0
NODE 943 0.5833333333333333 -9.280000000000001 0.0
NODE 944 0.6666666666666666 -9.280000000000001 0.0
NODE 945 0.75 -9.280000000000001 0.0
NODE 946 0.8333333333333333 -9.280000000000001 0.0
NODE 947 0.9166666666666666 -9.280000000000001 0.0
NODE 948 1.0 -9.280000000000001 0.0
NODE 949 0.0 -8.96 0.0
NODE 950 0.08333333333333333 -8.96 0.0
NODE 951 0.16666666666666666 -8.96 0.0
NODE 952 0.25 -8.96 0.0
NODE 953 0.3333333333333333 -8.96 0.0
NODE 954 0.41666666666666663 -8.96 0.0
NODE 955 0.5 -8.96 0.0
NODE 956 0.5833333333333333 -8.96 0.0
NODE 957 0.6666666666666666 -8.96 0.0
NODE 958 0.75 -8.96 0.0
NODE 959 0.8333333333333333 -8.96 0.0
NODE 960 0.9166666666666666 -8.96 0.0
NODE 961 1.0 -8.96 0.0
NODE 962 0.0 -8.64 0.0
NODE 963 0.08333333333333333 -8.64 0.0
NODE 964 0.16666666666666666 -8.64 0.0
NODE 965 0.25 -8.64 0.0
NODE 966 0.3333333333333333 -8.64 0.0
NODE 967 0.41666666666666663 -8.64 0.0
NODE 968 0.5 -8.64 0.0
NODE 969 0.5833333333333333 -8.64 0.0
NODE 970 0.6666666666666666 -8.64 0.0
NODE 971 0.75 -8.64 0.0
NODE 972 0.8333333333333333 -8.64 0.0
NODE 973 0.9166666666666666 -8.64 0.0
NODE 974 1.0 -8.64 0.0
NODE 975 0.0 -8.32 0.0
NODE 976 0.08333333333333333 -8.32 0.0
NODE 977 0.16666666666666666 -8.32 0.0
NODE 978 0.25 -8.32 0.0
NODE 979 0.3333333333333333 -8.32 0.0
NODE 980 0.41666666666666663 -8.32 0.0
NODE 981 0.5 -8.32 0.0
NODE 982 0.5833333333333333 -8.32 0.0
NODE 983 0.6666666666666666 -8.32 0.0
NODE 984 0.75 -8.32 0.0
NODE 985 0.8333333333333333 -8.32 0.0
NODE 986 0.9166666666666666 -8.32 0.0
NODE 987 1.0 -8.32 0.0
NODE 988 0.0 -8.0 0.0
NODE 989 0.08333333333333333 -8.0 0.0
NODE 990 0.16666666666666666 -8.0 0.0
NODE 991 0.25 -8.0 0.0
NODE 992 0.3333333333333333 -8.0 0.0
NODE 993 0.41666666666666663 -8.0 0.0
NODE 994 0.5 -8.0 0.0
NODE 995 0.5833333333333333 -8.0 0.0
NODE 996 0.6666666666666666 -8.0 0.0
NODE 997 0.75 -8.0 0.0
NODE 998 0.8333333333333333 -8.0 0.0
NODE 999 0.9166666666666666 -8.0 0.0
NODE 1000 1.0 -8.0 0.0
NODE 1001 0.0 -7.68 0.0
NODE 1002 0.08333333333333333 -7.68 0.0
NODE 1003 0.16666666666666666 -7.68 0.0
NODE 1004 0.25 -7.68 0.0
NODE 1005 0.3333333333333333 -7.68 0.0
NODE 1006 0.41666666666666663 -7.68 0.0
NODE 1007 0.5 -7.68 0.0
NODE 1008 0.5833333333333333 -7.68 0.0
NODE 1009 0.6666666666666666 -7.68 0.0
NODE 1010 0.75 -7.68 0.0
NODE 1011 0.8333333333333333 -7.68 0.0
NODE 1012 0.9166666666666666 -7.68 0.0
NODE 1013 1.0 -7.68 0.0
NODE 1014 0.0 -7.359999999999999 0.0
NODE 1015 0.08333333333333333 -7.359999999999999 0.0
NODE 1016 0.16666666666666666 -7.359999999999999 0.0
NODE 1017 0.25 -7.359999999999999 0.0
NODE 1018 0.3333333333333333 -7.359999999999999 0.0
NODE 1019 0.41666666666666663 -7.359999999999999 0.0
NODE 1020 0.5 -7.359999999999999 0.0
NODE 1021 0.5833333333333333 -7.359999999999999 0.0
NODE 1022 0.6666666666666666 -7.359999999999999 0.0
NODE 1023 0.75 -7.359999999999999 0.0
NODE 1024 0.8333333333333333 -7.359999999999999 0.0
NODE 1025 0.9166666666666666 -7.359999999999999 0.0
NODE 1026 1.0 -7.359999999999999 0.0
NODE 1027 0.0 -7.039999999999999 0.0
NODE 1028 0.08333333333333333 -7.039999999999999 0.0
NODE 1029 0.16666666666666666 -7.039999999999999 0.0
NODE 1030 0.25 -7.039999999999999 0.0
NODE 1031 0.3333333333333333 -7.039999999999999 0.0
NODE 1032 0.41666666666666663 -7.039999999999999 0.0
NODE 1033 0.5 -7.039999999999999 0.0
NODE 1034 0.5833333333333333 -7.039999999999999 0.0
NODE 1035 0.6666666666666666 -7.039999999999999 0.0
NODE 1036 0.75 -7.039999999999999 0.0
NODE 1037 0.8333333333333333 -7.039999999999999 0.0
NODE 1038 0.9166666666666666 -7.039999999999999 0.0
NODE 1039 1.0 -7.039999999999999 0.0
NODE 1040 0.0 -6.720000000000001 0.0
NODE 1041 0.08333333333333333 -6.720000000000001 0.0
NODE 1042 0.16666666666666666 -6.720000000000001 0.0
NODE 1043 0.25 -6.720000000000001 0.0
NODE 1044 0.3333333333333333 -6.720000000000001 0.0
NODE 1045 0.41666666666666663 -6.720000000000001 0.0
NODE 1046 0.5 -6.720000000000001 0.0
NODE 1047 0.5833333333333333 -6.720000000000001 0.0
NODE 1048 0.6666666666666666 -6.720000000000001 0.0
NODE 1049 0.75 -6.720000000000001 0.0
NODE 1050 0.8333333333333333 -6.720000000000001 0.0
NODE 1051 0.9166666666666666 -6.720000000000001 0.0
NODE 1052 1.0 -6.720000000000001 0.0
NODE 1053 0.0 -6.4 0.0
NODE 1054 0.08333333333333333 -6.4 0.0
NODE 1055 0.16666666666666666 -6.4 0.0
NODE 1056 0.25 -6.4 0.0
NODE 1057 0.3333333333333333 -6.4 0.0
NODE 1058 0.41666666666666663 -6.4 0.0
NODE 1059 0.5 -6.4 0.0
NODE 1060 0.5833333333333333 -6.4 0.0
NODE 1061 0.6666666666666666 -6.4 0.0
NODE 1062 0.75 -6.4 0.0
NODE 1063 0.8333333333333333 -6.4 0.0
NODE 1064 0.9166666666666666 -6.4 0.0
NODE 1065 1.0 -6.4 0.0
NODE 1066 0.0 -6.08 0.0
NODE 1067 0.08333333333333333 -6.08 0.0
NODE 1068 0.16666666666666666 -6.08 0.0
NODE 1069 0.25 -6.08 0.0
NODE 1070 0.3333333333333333 -6.08 0.0
NODE 1071 0.41666666666666663 -6.08 0.0
NODE 1072 0.5 -6.08 0.0
NODE 1073 0.5833333333333333 -6.08 0.0
NODE 1074 0.6666666666666666 -6.08 0.0
NODE 1075 0.75 -6.08 0.0
NODE 1076 0.8333333333333333 -6.08 0.0
NODE 1077 0.9166666666666666 -6.08 0.0
NODE 1078 1.0 -6.08 0.0
NODE 1079 0.0 -5.76 0.0
NODE 1080 0.08333333333333333 -5.76 0.0
NODE 1081 0.16666666666666666 -5.76 0.0
NODE 1082 0.25 -5.76 0.0
NODE 1083 0.3333333333333333 -5.76 0.0
NODE 1084 0.41666666666666663 -5.76 0.0
NODE 1085 0.5 -5.76 0.0
NODE 1086 0.5833333333333333 -5.76 0.0
NODE 1087 0.6666666666666666 -5.76 0.0
NODE 1088 0.75 -5.76 0.0
NODE 1089 0.8333333333333333 -5.76 0.0
NODE 1090 0.9166666666666666 -5.76 0.0
NODE 1091 1.0 -5.76 0.0
NODE 1092 0.0 -5.4399999999999995 0.0
NODE 1093 0.08333333333333333 -5.4399999999999995 0.0
NODE 1094 0.16666666666666666 -5.4399999999999995 0.0
NODE 1095 0.25 -5.4399999999999995 0.0
NODE 1096 0.3333333333333333 -5.4399999999999995 0.0
NODE 1097 0.41666666666666663 -5.4399999999999995 0.0
NODE 1098 0.5 -5.4399999999999995 0.0
NODE 1099 0.5833333333333333 -5.4399999999999995 0.0
NODE 1100 0.6666666666666666 -5.4399999999999995 0.0
NODE 1101 0.75 -5.4399999999999995 0.0
NODE 1102 0.8333333333333333 -5.4399999999999995 0.0
NODE 1103 0.9166666666666666 -5.4399999999999995 0.0
NODE 1104 1.0 -5.4399999999999995 0.0
NODE 1105 0.0 -5.119999999999999 0.0
NODE 1106 0.08333333333333333 -5.119999999999999 0.0
NODE 1107 0.16666666666666666 -5.119999999999999 0.0
NODE 1108 0.25 -5.119999999999999 0.0
NODE 1109 0.3333333333333333 -5.119999999999999 0.0
NODE 1110 0.41666666666666663 -5.119999999999999 0.0
NODE 1111 0.5 -5.119999999999999 0.0
NODE 1112 0.5833333333333333 -5.119999999999999 0.0
NODE 1113 0.6666666666666666 -5.119999999999999 0.0
NODE 1114 0.75 -5.119999999999999 0.0
NODE 1115 0.8333333333333333 -5.119999999999999 0.0
NODE 1116 0.9166666666666666 -5.119999999999999 0.0
NODE 1117 1.0 -5.119999999999999 0.0
NODE 1118 0.0 -4.799999999999999 0.0
NODE 1119 0.08333333333333333 -4.799999999999999 0.0
NODE 1120 0.16666666666666666 -4.799999999999999 0.0
NODE 1121 0.25 -4.799999999999999 0.0
NODE 1122 0.3333333333333333 -4.799999999999999 0.0
NODE 1123 0.41666666666666663 -4.799999999999999 0.0
NODE 1124 0.5 -4.799999999999999 0.0
NODE 1125 0.5833333333333333 -4.799999999999999 0.0
NODE 1126 0.6666666666666666 -4.799999999999999 0.0
NODE 1127 0.75 -4.799999999999999 0.0
NODE 1128 0.8333333333333333 -4.799999999999999 0.0
NODE 1129 0.9166666666666666 -4.799999999999999 0.0
NODE 1130 1.0 -4.799999999999999 0.0
NODE 1131 0.0 -4.48 0.0
NODE 1132 0.08333333333333333 -4.48 0.0
NODE 1133 0.16666666666666666 -4.48 0.0
NODE 1134 0.25 -4.48 0.0
NODE 1135 0.3333333333333333 -4.48 0.0
NODE 1136 0.41666666666666663 -4.48 0.0
NODE 1137 0.5 -4.48 0.0
NODE 1138 0.5833333333333333 -4.48 0.0
NODE 1139 0.6666666666666666 -4.48 0.0
NODE 1140 0.75 -4.48 0.0
NODE 1141 0.8333333333333333 -4.48 0.0
NODE 1142 0.9166666666666666 -4.48 0.0
NODE 1143 1.0 -4.48 0.0
NODE 1144 0.0 -4.16 0.0
NODE 1145 0.08333333333333333 -4.16 0.0
NODE 1146 0.16666666666666666 -4.16 0.0
NODE 1147 0.25 -4.16 0.0
NODE 1148 0.3333333333333333 -4.16 0.0
NODE 1149 0.41666666666666663 -4.16 0.0
NODE 1150 0.5 -4.16 0.0
NODE 1151 0.5833333333333333 -4.16 0.0
NODE 1152 0.6666666666666666 -4.16 0.0
NODE 1153 0.75 -4.16 0.0
NODE 1154 0.8333333333333333 -4.16 0.0
NODE 1155 0.9166666666666666 -4.16 0.0
NODE 1156 1.0 -4.16 0.0
NODE 1157 0.0 -3.84 0.0
NODE 1158 0.08333333333333333 -3.84 0.0
NODE 1159 0.16666666666666666 -3.84 0.0
NODE 1160 0.25 -3.84 0.0
NODE 1161 0.3333333333333333 -3.84 0.0
NODE 1162 0.41666666666666663 -3.84 0.0
NODE 1163 0.5 -3.84 0.0
NODE 1164 0.5833333333333333 -3.84 0.0
NODE 1165 0.6666666666666666 -3.84 0.0
NODE 1166 0.75 -3.84 0.0
NODE 1167 0.8333333333333333 -3.84 0.0
NODE 1168 0.9166666666666666 -3.84 0.0
NODE 1169 1.0 -3.84 0.0
NODE 1170 0.0 -3.5199999999999996 0.0
NODE 1171 0.08333333333333333 -3.5199999999999996 0.0
NODE 1172 0.16666666666666666 -3.5199999999999996 0.0
NODE 1173 0.25 -3.5199999999999996 0.0
NODE 1174 0.3333333333333333 -3.5199999999999996 0.0
NODE 1175 0.41666666666666663 -3.5199999999999996 0.0
NODE 1176 0.5 -3.5199999999999996 0.0
NODE 1177 0.5833333333333333 -3.5199999999999996 0.0
NODE 1178 0.6666666666666666 -3.5199999999999996 0.0
NODE 1179 0.75 -3.5199999999999996 0.0
NODE 1180 0.8333333333333333 -3.5199999999999996 0.0
NODE 1181 0.9166666666666666 -3.5199999999999996 0.0
NODE 1182 1.0 -3.5199999999999996 0.0
NODE 1183 0.0 -3.1999999999999993 0.0
NODE 1184 0.08333333333333333 -3.1999999999999993 0.0
NODE 1185 0.16666666666666666 -3.1999999999999993 0.0
NODE 1186 0.25 -3.1999999999999993 0.0
NODE 1187 0.3333333333333333 -3.1999999999999993 0.0
NODE 1188 0.41666666666666663 -3.1999999999999993 0.0
NODE 1189 0.5 -3.1999999999999993 0.0
NODE 1190 0.5833333333333333 -3.1999999999999993 0.0
NODE 1191 0.6666666666666666 -3.1999999999999993 0.0
NODE 1192 0.75 -3.1999999999999993 0.0
NODE 1193 0.8333333333333333 -3.1999999999999993 0.0
NODE 1194 0.9166666666666666 -3.1999999999999993 0.0
NODE 1195 1.0 -3.1999999999999993 0.0
NODE 1196 0.0 -2.879999999999999 0.0
NODE 1197 0.08333333333333333 -2.879999999999999 0.0
NODE 1198 0.16666666666666666 -2.879999999999999 0.0
NODE 1199 0.25 -2.879999999999999 0.0
NODE 1200 0.3333333333333333 -2.879999999999999 0.0
NODE 1201 0.41666666666666663 -2.879999999999999 0.0
NODE 1202 0.5 -2.879999999999999 0.0
NODE 1203 0.5833333333333333 -2.879999999999999 0.0
NODE 1204 0.6666666666666666 -2.879999999999999 0.0
NODE 1205 0.75 -2.879999999999999 0.0
NODE 1206 0.8333333333333333 -2.879999999999999 0.0
NODE 1207 0.9166666666666666 -2.879999999999999 0.0
NODE 1208 1.0 -2.879999999999999 0.0
NODE 1209 0.0 -2.5600000000000005 0.0
NODE 1210 0.08333333333333333 -2.5600000000000005 0.0
NODE 1211 0.16666666666666666 -2.5600000000000005 0.0
NODE 1212 0.25 -2.5600000000000005 0.0
NODE 1213 0.3333333333333333 -2.5600000000000005 0.0
NODE 1214 0.41666666666666663 -2.5600000000000005 0.0
NODE 1215 0.5 -2.5600000000000005 0.0
NODE 1216 0.5833333333333333 -2.5600000000000005 0.0
NODE 1217 0.6666666666666666 -2.5600000000000005 0.0
NODE 1218 0.75 -2.5600000000000005 0.0
NODE 1219 0.8333333333333333 -2.5600000000000005 0.0
NODE 1220 0.9166666666666666 -2.5600000000000005 0.0
NODE 1221 1.0 -2.5600000000000005 0.0
NODE 1222 0.0 -2.24 0.0
NODE 1223 0.08333333333333333 -2.24 0.0
NODE 1224 0.16666666666666666 -2.24 0.0
NODE 1225 0.25 -2.24 0.0
NODE 1226 0.3333333333333333 -2.24 0.0
NODE 1227 0.41666666666666663 -2.24 0.0
NODE 1228 0.5 -2.24 0.0
NODE 1229 0.5833333333333333 -2.24 0.0
NODE 1230 0.6666666666666666 -2.24 0.0
NODE 1231 0.75 -2.24 0.0
NODE 1232 0.8333333333333333 -2.24 0.0
NODE 1233 0.9166666666666666 -2.24 0.0
NODE 1234 1.0 -2.24 0.0
NODE 1235 0.0 -1.92 0.0
NODE 1236 0.08333333333333333 -1.92 0.0
NODE 1237 0.16666666666666666 -1.92 0.0
NODE 1238 0.25 -1.92 0.0
NODE 1239 0.3333333333333333 -1.92 0.0
NODE 1240 0.41666666666666663 -1.92 0.0
NODE 1241 0.5 -1.92 0.0
NODE 1242 0.5833333333333333 -1.92 0.0
NODE 1243 0.6666666666666666 -1.92 0.0
NODE 1244 0.75 -1.92 0.0
NODE 1245 0.8333333333333333 -1.92 0.0
NODE 1246 0.9166666666666666 -1.92 0.0
NODE 1247 1.0 -1.92 0.0
NODE 1248 0.0 -1.5999999999999996 0.0
NODE 1249 0.08333333333333333 -1.5999999999999996 0.0
NODE 1250 0.16666666666666666 -1.5999999999999996 0.0
NODE 1251 0.25 -1.5999999999999996 0.0
NODE 1252 0.3333333333333333 -1.5999999999999996 0.0
NODE 1253 0.41666666666666663 -1.5999999999999996 0.0
NODE 1254 0.5 -1.5999999999999996 0.0
NODE 1255 0.5833333333333333 -1.5999999999999996 0.0
NODE 1256 0.6666666666666666 -1.5999999999999996 0.0
NODE 1257 0.75 -1.5999999999999996 0.0
NODE 1258 0.8333333333333333 -1.5999999999999996 0.0
NODE 1259 0.9166666666666666 -1.5999999999999996 0.0
NODE 1260 1.0 -1.5999999999999996 0.0
NODE 1261 0.0 -1.2799999999999994 0.0
NODE 1262 0.08333333333333333 -1.2799999999999994 0.0
NODE 1263 0.16666666666666666 -1.2799999999999994 0.0
NODE 1264 0.25 -1.2799999999999994 0.0
NODE 1265 0.3333333333333333 -1.2799999999999994 0.0
NODE 1266 0.41666666666666663 -1.2799999999999994 0.0
NODE 1267 0.5 -1.2799999999999994 0.0
NODE 1268 0.5833333333333333 -1.2799999999999994 0.0
NODE 1269 0.6666666666666666 -1.2799999999999994 0.0
NODE 1270 0.75 -1.2799999999999994 0.0
NODE 1271 0.8333333333333333 -1.2799999999999994 0.0
NODE 1272 0.9166666666666666 -1.2799999999999994 0.0
NODE 1273 1.0 -1.2799999999999994 0.0
NODE 1274 0.0 -0.9599999999999991 0.0
NODE 1275 0.08333333333333333 -0.9599999999999991 0.0
NODE 1276 0.16666666666666666 -0.9599999999999991 0.0
NODE 1277 0.25 -0.9599999999999991 0.0
NODE 1278 0.3333333333333333 -0.9599999999999991 0.0
NODE 1279 0.41666666666666663 -0.9599999999999991 0.0
NODE 1280 0.5 -0.9599999999999991 0.0
NODE 1281 0.5833333333333333 -0.9599999999999991 0.0
NODE 1282 0.6666666666666666 -0.9599999999999991 0.0
NODE 1283 0.75 -0.9599999999999991 0.0
NODE 1284 0.8333333333333333 -0.9599999999999991 0.0
NODE 1285 0.9166666666666666 -0.9599999999999991 0.0
NODE 1286 1.0 -0.9599999999999991 0.0
NODE 1287 0.0 -0.6400000000000006 0.0
NODE 1288 0.08333333333333333 -0.6400000000000006 0.0
NODE 1289 0.16666666666666666 -0.6400000000000006 0.0
NODE 1290 0.25 -0.6400000000000006 0.0
NODE 1291 0.3333333333333333 -0.6400000000000006 0.0
NODE 1292 0.41666666666666663 -0.6400000000000006 0.0
NODE 1293 0.5 -0.6400000000000006 0.0
NODE 1294 0.5833333333333333 -0.6400000000000006 0.0
NODE 1295 0.6666666666666666 -0.6400000000000006 0.0
NODE 1296 0.75 -0.6400000000000006 0.0
NODE 1297 0.8333333333333333 -0.6400000000000006 0.0
NODE 1298 0.9166666666666666 -0.6400000000000006 0.0
NODE 1299 1.0 -0.6400000000000006 0.0
NODE 1300 0.0 -0.3200000000000003 0.0
NODE 1301 0.08333333333333333 -0.3200000000000003 0.0
NODE 1302 0.16666666666666666 -0.3200000000000003 0.0
NODE 1303 0.25 -0.3200000000000003 0.0
NODE 1304 0.3333333333333333 -0.3200000000000003 0.0
NODE 1305 0.41666666666666663 -0.3200000000000003 0.0
NODE 1306 0.5 -0.3200000000000003 0.0
NODE 1307 0.5833333333333333 -0.3200000000000003 0.0
NODE 1308 0.6666666666666666 -0.3200000000000003 0.0
NODE 1309 0.75 -0.3200000000000003 0.0
NODE 1310 0.8333333333333333 -0.3200000000000003 0.0
NODE 1311 0.9166666666666666 -0.3200000000000003 0.0
NODE 1312 1.0 -0.3200000000000003 0.0
VORTEX 0 0 13 14 1
VORTEX 1 1 14 15 2
VORTEX 2 2 15 16 3
VORTEX 3 3 16 17 4
VORTEX 4 4 17 18 5
VORTEX 5 5 18 19 6
VORTEX 6 6 19 20 7
VORTEX 7 7 20 21 8
VORTEX 8 8 21 22 9
VORTEX 9 9 22 23 10
VORTEX 10 10 23 24 11
VORTEX 11 11 24 25 12
VORTEX 12 13 26 27 14
VORTEX 13 14 27 28 15
VORTEX 14 15 28 29 16
VORTEX 15 16 29 30 17
VORTEX 16 17 30 31 18
VORTEX 17 18 31 32 19
VORTEX 18 19 32 33 20
VORTEX 19 20 33 34 21
VORTEX 20 21 34 35 22
VORTEX 21 22 35 36 23
VORTEX 22 23 36 37 24
VORTEX 23 24 37 38 25
VORTEX 24 26 39 40 27
VORTEX 25 27 40 41 28
VORTEX 26 28 41 42 29
VORTEX 27 29 42 43 30
VORTEX 28 30 43 44 31
VORTEX 29 31 44 45 32
VORTEX 30 32 45 46 33
VORTEX 31 33 46 47 34
VORTEX 32 34 47 48 35
VORTEX 33 35 48 49 36
VORTEX 34 36 49 50 37
VORTEX 35 37 50 51 38
VORTEX 36 39 52 53 40
VORTEX 37 40 53 54 41
VORTEX 38 41 54 55 42
VORTEX 39 42 55 56 43
VORTEX 40 43 56 57 44
VORTEX 41 44 57 58 45
VORTEX 42 45 58 59 46
VORTEX 43 46 59 60 47
VORTEX 44 47 60 61 48
VORTEX 45 48 61 62 49
VORTEX 46 49 62 63 50
VORTEX 47 50 63 64 51
VORTEX 48 52 65 66 53
VORTEX 49 53 66 67 54
VORTEX 50 54 67 68 55
VORTEX 51 55 68 69 56
VORTEX 52 56 69 70 57
VORTEX 53 57 70 71 58
VORTEX 54 58 71 72 59
VORTEX 55 59 72 73 60
VORTEX 56 60 73 74 61
VORTEX 57 61 74 75 62
VORTEX 58 62 75 76 63
VORTEX 59 63 76 77 64
VORTEX 60 65 78 79 66
VORTEX 61 66 79 80 67
VORTEX 62 67 80 81 68
VORTEX 63 68 81 82 69
VORTEX 64 69 82 83 70
VORTEX 65 70 83 84 71
VORTEX 66 71 84 85 72
VORTEX 67 72 85 86 73
VORTEX 68 73 86 87 74
VORTEX 69 74 87 88 75
VORTEX 70 75 88 89 76
VORTEX 71 76 89 90 77
VORTEX 72 78 91 92 79
VORTEX 73 79 92 93 80
VORTEX 74 80 93 94 81
VORTEX 75 81 94 95 82
VORTEX 76 82 95 96 83
VORTEX 77 83 96 97 84
VORTEX 78 84 97 98 85
VORTEX 79 85 98 99 86
VORTEX 80 86 99 100 87
VORTEX 81 87 100 101 88
VORTEX 82 88 101 102 89
VORTEX 83 89 102 103 90
VORTEX 84 91 104 105 92
VORTEX 85 92 105 106 93
VORTEX 86 93 106 107 94
VORTEX 87 94 107 108 95
VORTEX 88 95 108 109 96
VORTEX 89 96 109 110 97
VORTEX 90 97 110 111 98
VORTEX 91 98 111 112 99
VORTEX 92 99 112 113 100
VORTEX 93 100 113 114 101
VORTEX 94 101 114 115 102
VORTEX 95 102 115 116 103
VORTEX 96 104 117 118 105
VORTEX 97 105 118 119 106
VORTEX 98 106 119 120 107
VORTEX 99 107 120 121 108
VORTEX 100 108 121 122 109
VORTEX 101 109 122 123 110
VORTEX 102 110 123 124 111
VORTEX 103 111 124 125 112
VORTEX 104 112 125 126 113
VORTEX 105 113 126 127 114
VORTEX 106 114 127 128 115
VORTEX 107 115 128 129 116
VORTEX 108 117 130 131 118
VORTEX 109 118 131 132 119
VORTEX 110 119 132 133 120
VORTEX 111 120 133 134 121
VORTEX 112 121 134 135 122
VORTEX 113 122 135 136 123
VORTEX 114 123 136 137 124
VORTEX 115 124 137 138 125
VORTEX 116 125 138 139 126
VORTEX 117 126 139 140 127
VORTEX 118 127 140 141 128
VORTEX 119 128 141 142 129
VORTEX 120 130 143 144 131
VORTEX 121 131 144 145 132
VORTEX 122 132 145 146 133
VORTEX 123 133 146 147 134
VORTEX 124 134 147 148 135
VORTEX 125 135 148 149 136
VORTEX 126 136 149 150 137
VORTEX 127 137 150 151 138
VORTEX 128 138 151 152 139
VORTEX 129 139 152 153 140
VORTEX 130 140 153 154 141
VORTEX 131 141 154 155 142
VORTEX 132 143 156 157 144
VORTEX 133 144 157 158 145
VORTEX 134 145 158 159 146
VORTEX 135 146 159 160 147
VORTEX 136 147 160 161 148
VORTEX 137 148 161 162 149
VORTEX 138 149 162 163 150
VORTEX 139 150 163 164 151
VORTEX 140 151 164 165 152
VORTEX 141 152 165 166 153
VORTEX 142 153 166 167 154
VORTEX 143 154 167 168 155
VORTEX 144 156 169 170 157
VORTEX 145 157 170 171 158
VORTEX 146 158 171 172 159
VORTEX 147 159 172 173 160
VORTEX 148 160 173 174 161
VORTEX 149 161 174 175 162
VORTEX 150 162 175 176 163
VORTEX 151 163 176 177 164
VORTEX 152 164 177 178 165
VORTEX 153 165 178 179 166
VORTEX 154 166 179 180 167
VORTEX 155 167 180 181 168
VORTEX 156 169 182 183 170
VORTEX 157 170 183 184 171
VORTEX 158 171 184 185 172
VORTEX 159 172 185 186 173
VORTEX 160 173 186 187 174
VORTEX 161 174 187 188 175
VORTEX 162 175 188 189 176
VORTEX 163 176 189 190 177
VORTEX 164 177 190 191 178
VORTEX 165 178 191 192 179
VORTEX 166 179 192 193 180
VORTEX 167 180 193 194 181
VORTEX 168 182 195 196 183
VORTEX 169 183 196 197 184
VORTEX 170 184 197 198 185
VORTEX 171 185 198 199 186
VORTEX 172 186 199 200 187
VORTEX 173 187 200 201 188
VORTEX 174 188 201 202 189
VORTEX 175 189 202 203 190
VORTEX 176 190 203 204 191
VORTEX 177 191 204 205 192
VORTEX 178 192 205 206 193
VORTEX 179 193 206 207 194
VORTEX 180 195 208 209 196
VORTEX 181 196 209 210 197
VORTEX 182 197 210 211 198
VORTEX 183 198 211 212 199
VORTEX 184 199 212 213 200
VORTEX 185 200 213 214 201
VORTEX 186 201 214 215 202
VORTEX 187 202 215 216 203
VORTEX 188 203 216 217 204
VORTEX 189 204 217 218 205
VORTEX 190 205 218 219 206
VORTEX 191 206 219 220 207
VORTEX 192 208 221 222 209
VORTEX 193 209 222 223 210
VORTEX 194 210 223 224 211
VORTEX 195 211 224 225 212
VORTEX 196 212 225 226 213
VORTEX 197 213 226 227 214
VORTEX 198 214 227 228 215
VORTEX 199 215 228 229 216
VORTEX 200 216 229 230 217
VORTEX 201 217 230 231 218
VORTEX 202 218 231 232 219
VORTEX 203 219 232 233 220
VORTEX 204 221 234 235 222
VORTEX 205 222 235 236 223
VORTEX 206 223 236 237 224
VORTEX 207 224 237 238 225
VORTEX 208 225 238 239 226
VORTEX 209 226 239 240 227
VORTEX 210 227 240 241 228
VORTEX 211 228 241 242 229
VORTEX 212 229 242 243 230
VORTEX 213 230 243 244 231
VORTEX 214 231 244 245 232
VORTEX 215 232 245 246 233
VORTEX 216 234 247 248 235
VORTEX 217 235 248 249 236
VORTEX 218 236 249 250 237
VORTEX 219 237 250 251 238
VORTEX 220 238 251 252 239
VORTEX 221 239 252 253 240
VORTEX 222 240 253 254 241
VORTEX 223 241 254 255 242
VORTEX 224 242 255 256 243
VORTEX 225 243 256 257 244
VORTEX 226 244 257 258 245
VORTEX 227 245 258 259 246
VORTEX 228 247 260 261 248
VORTEX 229 248 261 262 249
VORTEX 230 249 262 263 250
VORTEX 231 250 263 264 251
VORTEX 232 251 264 265 252
VORTEX 233 252 265 266 253
VORTEX 234 253 266 267 254
VORTEX 235 254 267 268 255
VORTEX 236 255 268 269 256
VORTEX 237 256 269 270 257
VORTEX 238 257 270 271 258
VORTEX 239 258 271 272 259
VORTEX 240 260 273 274 261
VORTEX 241 261 274 275 262
VORTEX 242 262 275 276 263
VORTEX 243 263 276 277 264
VORTEX 244 264 277 278 265
VORTEX 245 265 278 279 266
VORTEX 246 266 279 280 267
VORTEX 247 267 280 281 268
VORTEX 248 268 281 282 269
VORTEX 249 269 282 283 270
VORTEX 250 270 283 284 271
VORTEX 251 271 284 285 272
VORTEX 252 273 286 287 274
VORTEX 253 274 287 288 275
VORTEX 254 275 288 289 276
VORTEX 255 276 289 290 277
VORTEX 256 277 290 291 278
VORTEX 257 278 291 292 279
VORTEX 258 279 292 293 280
VORTEX 259 280 293 294 281
VORTEX 260 281 294 295 282
VORTEX 261 282 295 296 283
VORTEX 262 283 296 297 284
VORTEX 263 284 297 298 285
VORTEX 264 286 299 300 287
VORTEX 265 287 300 301 288
VORTEX 266 288 301 302 289
VORTEX 267 289 302 303 290
VORTEX 268 290 303 304 291
VORTEX 269 291 304 305 292
VORTEX 270 292 305 306 293
VORTEX 271 293 306 307 294
VORTEX 272 294 307 308 295
VORTEX 273 295 308 309 296
VORTEX 274 296 309 310 297
VORTEX 275 297 310 311 298
VORTEX 276 299 312 313 300
VORTEX 277 300 313 314 301
VORTEX 278 301 314 315 302
VORTEX 279 302 315 316 303
VORTEX 280 303 316 317 304
VORTEX 281 304 317 318 305
VORTEX 282 305 318 319 306
VORTEX 283 306 319 320 307
VORTEX 284 307 320 321 308
VORTEX 285 308 321 322 309
VORTEX 286 309 322 323 310
VORTEX 287 310 323 324 311
VORTEX 288 312 325 326 313
VORTEX 289 313 326 327 314
VORTEX 290 314 327 328 315
VORTEX 291 315 328 329 316
VORTEX 292 316 329 330 317
VORTEX 293 317 330 331 318
VORTEX 294 318 331 332 319
VORTEX 295 319 332 333 320
VORTEX 296 320 333 334 321
VORTEX 297 321 334 335 322
VORTEX 298 322 335 336 323
VORTEX 299 323 336 337 324
VORTEX 300 325 338 339 326
VORTEX 301 326 339 340 327
VORTEX 302 327 340 341 328
VORTEX 303 328 341 342 329
VORTEX 304 329 342 343 330
VORTEX 305 330 343 344 331
VORTEX 306 331 344 345 332
VORTEX 307 332 345 346 333
VORTEX 308 333 346 347 334
VORTEX 309 334 347 348 335
VORTEX 310 335 348 349 336
VORTEX 311 336 349 350 337
VORTEX 312 338 351 352 339
VORTEX 313 339 352 353 340
VORTEX 314 340 353 354 341
VORTEX 315 341 354 355 342
VORTEX 316 342 355 356 343
VORTEX 317 343 356 357 344
VORTEX 318 344 357 358 345
VORTEX 319 345 358 359 346
VORTEX 320 346 359 360 347
VORTEX 321 347 360 361 348
VORTEX 322 348 361 362 349
VORTEX 323 349 362 363 350
VORTEX 324 351 364 365 352
VORTEX 325 352 365 366 353
VORTEX 326 353 366 367 354
VORTEX 327 354 367 368 355
VORTEX 328 355 368 369 356
VORTEX 329 356 369 370 357
VORTEX 330 357 370 371 358
VORTEX 331 358 371 372 359
VORTEX 332 359 372 373 360
VORTEX 333 360 373 374 361
VORTEX 334 361 374 375 362
VORTEX 335 362 375 376 363
VORTEX 336 364 377 378 365
VORTEX 337 365 378 379 366
VORTEX 338 366 379 380 367
VORTEX 339 367 380 381 368
VORTEX 340 368 381 382 369
VORTEX 341 369 382 383 370
VORTEX 342 370 383 384 371
VORTEX 343 371 384 385 372
VORTEX 344 372 385 386 373
VORTEX 345 373 386 387 374
VORTEX 346 374 387 388 375
VORTEX 347 375 388 389 376
VORTEX 348 377 390 391 378
VORTEX 349 378 391 392 379
VORTEX 350 379 392 393 380
VORTEX 351 380 393 394 381
VORTEX 352 381 394 395 382
VORTEX 353 382 395 396 383
VORTEX 354 383 396 397 384
VORTEX 355 384 397 398 385
VORTEX 356 385 398 399 386
VORTEX 357 386 399 400 387
VORTEX 358 387 400 401 388
VORTEX 359 388 401 402 389
VORTEX 360 390 403 404 391
VORTEX 361 391 404 405 392
VORTEX 362 392 405 406 393
VORTEX 363 393 406 407 394
VORTEX 364 394 407 408 395
VORTEX 365 395 408 409 396
VORTEX 366 396 409 410 397
VORTEX 367 397 410 411 398
VORTEX 368 398 411 412 399
VORTEX 369 399 412 413 400
VORTEX 370 400 413 414 401
VORTEX 371 401 414 415 402
VORTEX 372 403 416 417 404
VORTEX 373 404 417 418 405
VORTEX 374 405 418 419 406
VORTEX 375 406 419 420 407
VORTEX 376 407 420 421 408
VORTEX 377 408 421 422 409
VORTEX 378 409 422 423 410
VORTEX 379 410 423 424 411
VORTEX 380 411 424 425 412
VORTEX 381 412 425 426 413
VORTEX 382 413 426 427 414
VORTEX 383 414 427 428 415
VORTEX 384 416 429 430 417
VORTEX 385 417 430 431 418
VORTEX 386 418 431 432 419
VORTEX 387 419 432 433 420
VORTEX 388 420 433 434 421
VORTEX 389 421 434 435 422
VORTEX 390 422 435 436 423
VORTEX 391 423 436 437 424
VORTEX 392 424 437 438 425
VORTEX 393 425 438 439 426
VORTEX 394 426 439 440 427
VORTEX 395 427 440 441 428
VORTEX 396 429 442 443 430
VORTEX 397 430 443 444 431
VORTEX 398 431 444 445 432
VORTEX 399 432 445 446 433
VORTEX 400 433 446 447 434
VORTEX 401 434 447 448 435
VORTEX 402 435 448 449 436
VORTEX 403 436 449 450 437
VORTEX 404 437 450 451 438
VORTEX 405 438 451 452 439
VORTEX 406 439 452 453 440
VORTEX 407 440 453 454 441
VORTEX 408 442 455 456 443
VORTEX 409 443 456 457 444
VORTEX 410 444 457 458 445
VORTEX 411 445 458 459 446
VORTEX 412 446 459 460 447
VORTEX 413 447 460 461 448
VORTEX 414 448 461 462 449
VORTEX 415 449 462 463 450
VORTEX 416 450 463 464 451
VORTEX 417 451 464 465 452
VORTEX 418 452 465 466 453
VORTEX 419 453 466 467 454
VORTEX 420 455 468 469 456
VORTEX 421 456 469 470 457
VORTEX 422 457 470 471 458
VORTEX 423 458 471 472 459
VORTEX 424 459 472 473 460
VORTEX 425 460 473 474 461
VORTEX 426 461 474 475 462
VORTEX 427 462 475 476 463
VORTEX 428 463 476 477 464
VORTEX 429 464 477 478 465
VORTEX 430 465 478 479 466
VORTEX 431 466 479 480 467
VORTEX 432 468 481 482 469
VORTEX 433 469 482 483 470
VORTEX 434 470 483 484 471
VORTEX 435 471 484 485 472
VORTEX 436 472 485 486 473
VORTEX 437 473 486 487 474
VORTEX 438 474 487 488 475
VORTEX 439 475 488 489 476
VORTEX 440 476 489 490 477
VORTEX 441 477 490 491 478
VORTEX 442 478 491 492 479
VORTEX 443 479 492 493 480
VORTEX 444 481 494 495 482
VORTEX 445 482 495 496 483
VORTEX 446 483 496 497 484
VORTEX 447 484 497 498 485
VORTEX 448 485 498 499 486
VORTEX 449 486 499 500 487
VORTEX 450 487 500 501 488
VORTEX 451 488 501 502 489
VORTEX 452 489 502 503 490
VORTEX 453 490 503 504 491
VORTEX 454 491 504 505 492
VORTEX 455 492 505 506 493
VORTEX 456 494 507 508 495
VORTEX 457 495 508 509 496
VORTEX 458 496 509 510 497
VORTEX 459 497 510 511 498
VORTEX 460 498 511 512 499
VORTEX 461 499 512 513 500
VORTEX 462 500 513 514 501
VORTEX 463 501 514 515 502
VORTEX 464 502 515 516 503
VORTEX 465 503 516 517 504
VORTEX 466 504 517 518 505
VORTEX 467 505 518 519 506
VORTEX 468 507 520 521 508
VORTEX 469 508 521 522 509
VORTEX 470 509 522 523 510
VORTEX 471 510 523 524 511
VORTEX 472 511 524 525 512
VORTEX 473 512 525 526 513
VORTEX 474 513 526 527 514
VORTEX 475 514 527 528 515
VORTEX 476 515 528 529 516
VORTEX 477 516 529 530 517
VORTEX 478 517 530 531 518
VORTEX 479 518 531 532 519
VORTEX 480 520 533 534 521
VORTEX 481 521 534 535 522
VORTEX 482 522 535 536 523
VORTEX 483 523 536 537 524
VORTEX 484 524 537 538 525
VORTEX 485 525 538 539 526
VORTEX 486 526 539 540 527
VORTEX 487 527 540 541 528
VORTEX 488 528 541 542 529
VORTEX 489 529 542 543 530
VORTEX 490 530 543 544 531
VORTEX 491 531 544 545 532
VORTEX 492 533 546 547 534
VORTEX 493 534 547 548 535
VORTEX 494 535 548 549 536
VORTEX 495 536 549 550 537
VORTEX 496 537 550 551 538
VORTEX 497 538 551 552 539
VORTEX 498 539 552 553 540
VORTEX 499 540 553 554 541
VORTEX 500 541 554 555 542
VORTEX 501 542 555 556 543
VORTEX 502 543 556 557 544
VORTEX 503 544 557 558 545
VORTEX 504 546 559 560 547
VORTEX 505 547 560 561 548
VORTEX 506 548 561 562 549
VORTEX 507 549 562 563 550
VORTEX 508 550 563 564 551
VORTEX 509 551 564 565 552
VORTEX 510 552 565 566 553
VORTEX 511 553 566 567 554
VORTEX 512 554 567 568 555
VORTEX 513 555 568 569 556
VORTEX 514 556 569 570 557
VORTEX 515 557 570 571 558
VORTEX 516 559 572 573 560
VORTEX 517 560 573 574 561
VORTEX 518 561 574 575 562
VORTEX 519 562 575 576 563
VORTEX 520 563 576 577 564
VORTEX 521 564 577 578 565
VORTEX 522 565 578 579 566
VORTEX 523 566 579 580 567
VORTEX 524 567 580 581 568
VORTEX 525 568 581 582 569
VORTEX 526 569 582 583 570
VORTEX 527 570 583 584 571
VORTEX 528 572 585 586 573
VORTEX 529 573 586 587 574
VORTEX 530 574 587 588 575
VORTEX 531 575 588 589 576
VORTEX 532 576 589 590 577
VORTEX 533 577 590 591 578
VORTEX 534 578 591 592 579
VORTEX 535 579 592 593 580
VORTEX 536 580 593 594 581
VORTEX 537 581 594 595 582
VORTEX 538 582 595 596 583
VORTEX 539 583 596 597 584
VORTEX 540 585 598 599 586
VORTEX 541 586 599 600 587
VORTEX 542 587 600 601 588
VORTEX 543 588 601 602 589
VORTEX 544 589 602 603 590
VORTEX 545 590 603 604 591
VORTEX 546 591 604 605 592
VORTEX 547 592 605 606 593
VORTEX 548 593 606 607 594
VORTEX 549 594 607 608 595
VORTEX 550 595 608 609 596
VORTEX 551 596 609 610 597
VORTEX 552 598 611 612 599
VORTEX 553 599 612 613 600
VORTEX 554 600 613 614 601
VORTEX 555 601 614 615 602
VORTEX 556 602 615 616 603
VORTEX 557 603 616 617 604
VORTEX 558 604 617 618 605
VORTEX 559 605 618 619 606
VORTEX 560 606 619 620 607
VORTEX 561 607 620 621 608
VORTEX 562 608 621 622 609
VORTEX 563 609 622 623 610
VORTEX 564 611 624 625 612
VORTEX 565 612 625 626 613
VORTEX 566 613 626 627 614
VORTEX 567 614 627 628 615
VORTEX 568 615 628 629 616
VORTEX 569 616 629 630 617
VORTEX 570 617 630 631 618
VORTEX 571 618 631 632 619
VORTEX 572 619 632 633 620
VORTEX 573 620 633 634 621
VORTEX 574 621 634 635 622
VORTEX 575 622 635 636 623
VORTEX 576 624 637 638 625
VORTEX 577 625 638 639 626
VORTEX 578 626 639 640 627
VORTEX 579 627 640 641 628
VORTEX 580 628 641 642 629
VORTEX 581 629 642 643 630
VORTEX 582 630 643 644 631
VORTEX 583 631 644 645 632
VORTEX 584 632 645 646 633
VORTEX 585 633 646 647 634
VORTEX 586 634 647 648 635
VORTEX 587 635 648 649 636
VORTEX 588 637 650 651 638
VORTEX 589 638 651 652 639
VORTEX 590 639 652 653 640
VORTEX 591 640 653 654 641
VORTEX 592 641 654 655 642
VORTEX 593 642 655 656 643
VORTEX 594 643 656 657 644
VORTEX 595 644 657 658 645
VORTEX 596 645 658 659 646
VORTEX 597 646 659 660 647
VORTEX 598 647 660 661 648
VORTEX 599 648 661 662 649
VORTEX 600 663 676 677 664
VORTEX 601 664 677 678 665
VORTEX 602 665 678 679 666
VORTEX 603 666 679 680 667
VORTEX 604 667 680 681 668
VORTEX 605 668 681 682 669
VORTEX 606 669 682 683 670
VORTEX 607 670 683 684 671
VORTEX 608 671 684 685 672
VORTEX 609 672 685 686 673
VORTEX 610 673 686 687 674
VORTEX 611 674 687 688 675
VORTEX 612 676 689 690 677
VORTEX 613 677 690 691 678
VORTEX 614 678 691 692 679
VORTEX 615 679 692 693 680
VORTEX 616 680 693 694 681
VORTEX 617 681 694 695 682
VORTEX 618 682 695 696 683
VORTEX 619 683 696 697 684
VORTEX 620 684 697 698 685
VORTEX 621 685 698 699 686
VORTEX 622 686 699 700 687
VORTEX 623 687 700 701 688
VORTEX 624 689 702 703 690
VORTEX 625 690 703 704 691
VORTEX 626 691 704 705 692
VORTEX 627 692 705 706 693
VORTEX 628 693 706 707 694
VORTEX 629 694 707 708 695
VORTEX 630 695 708 709 696
VORTEX 631 696 709 710 697
VORTEX 632 697 710 711 698
VORTEX 633 698 711 712 699
VORTEX 634 699 712 713 700
VORTEX 635 700 713 714 701
VORTEX 636 702 715 716 703
VORTEX 637 703 716 717 704
VORTEX 638 704 717 718 705
VORTEX 639 705 718 719 706
VORTEX 640 706 719 720 707
VORTEX 641 707 720 721 708
VORTEX 642 708 721 722 709
VORTEX 643 709 722 723 710
VORTEX 644 710 723 724 711
VORTEX 645 711 724 725 712
VORTEX 646 712 725 726 713
VORTEX 647 713 726 727 714
VORTEX 648 715 728 729 716
VORTEX 649 716 729 730 717
VORTEX 650 717 730 731 718
VORTEX 651 718 731 732 719
VORTEX 652 719 732 733 720
VORTEX 653 720 733 734 721
VORTEX 654 721 734 735 722
VORTEX 655 722 735 736 723
VORTEX 656 723 736 737 724
VORTEX 657 724 737 738 725
VORTEX 658 725 738 739 726
VORTEX 659 726 739 740 727
VORTEX 660 728 741 742 729
VORTEX 661 729 742 743 730
VORTEX 662 730 743 744 731
VORTEX 663 731 744 745 732
VORTEX 664 732 745 746 733
VORTEX 665 733 746 747 734
VORTEX 666 734 747 748 735
VORTEX 667 735 748 749 736
VORTEX 668 736 749 750 737
VORTEX 669 737 750 751 738
VORTEX 670 738 751 752 739
VORTEX 671 739 752 753 740
VORTEX 672 741 754 755 742
VORTEX 673 742 755 756 743
VORTEX 674 743 756 757 744
VORTEX 675 744 757 758 745
VORTEX 676 745 758 759 746
VORTEX 677 746 759 760 747
VORTEX 678 747 760 761 748
VORTEX 679 748 761 762 749
VORTEX 680 749 762 763 750
VORTEX 681 750 763 764 751
VORTEX 682 751 764 765 752
VORTEX 683 752 765 766 753
VORTEX 684 754 767 768 755
VORTEX 685 755 768 769 756
VORTEX 686 756 769 770 757
VORTEX 687 757 770 771 758
VORTEX 688 758 771 772 759
VORTEX 689 759 772 773 760
VORTEX 690 760 773 774 761
VORTEX 691 761 774 775 762
VORTEX 692 762 775 776 763
VORTEX 693 763 776 777 764
VORTEX 694 764 777 778 765
VORTEX 695 765 778 779 766
VORTEX 696 767 780 781 768
VORTEX 697 768 781 782 769
VORTEX 698 769 782 783 770
VORTEX 699 770 783 784 771
VORTEX 700 771 784 785 772
VORTEX 701 772 785 786 773
VORTEX 702 773 786 787 774
VORTEX 703 774 787 788 775
VORTEX 704 775 788 789 776
VORTEX 705 776 789 790 777
VORTEX 706 777 790 791 778
VORTEX 707 778 791 792 779
VORTEX 708 780 793 794 781
VORTEX 709 781 794 795 782
VORTEX 710 782 795 796 783
VORTEX 711 783 796 797 784
VORTEX 712 784 797 798 785
VORTEX 713 785 798 799 786
VORTEX 714 786 799 800 787
VORTEX 715 787 800 801 788
VORTEX 716 788 801 802 789
VORTEX 717 789 802 803 790
VORTEX 718 790 803 804 791
VORTEX 719 791 804 805 792
VORTEX 720 793 806 807 794
VORTEX 721 794 807 808 795
VORTEX 722 795 808 809 796
VORTEX 723 796 809 810 797
VORTEX 724 797 810 811 798
VORTEX 725 798 811 812 799
VORTEX 726 799 812 813 800
VORTEX 727 800 813 814 801
VORTEX 728 801 814 815 802
VORTEX 729 802 815 816 803
VORTEX 730 803 816 817 804
VORTEX 731 804 817 818 805
VORTEX 732 806 819 820 807
VORTEX 733 807 820 821 808
VORTEX 734 808 821 822 809
VORTEX 735 809 822 823 810
VORTEX 736 810 823 824 811
VORTEX 737 811 824 825 812
VORTEX 738 812 825 826 813
VORTEX 739 813 826 827 814
VORTEX 740 814 827 828 815
VORTEX 741 815 828 829 816
VORTEX 742 816 829 830 817
VORTEX 743 817 830 831 818
VORTEX 744 819 832 833 820
VORTEX 745 820 833 834 821
VORTEX 746 821 834 835 822
VORTEX 747 822 835 836 823
VORTEX 748 823 836 837 824
VORTEX 749 824 837 838 825
VORTEX 750 825 838 839 826
VORTEX 751 826 839 840 827
VORTEX 752 827 840 841 828
VORTEX 753 828 841 842 829
VORTEX 754 829 842 843 830
VORTEX 755 830 843 844 831
VORTEX 756 832 845 846 833
VORTEX 757 833 846 847 834
VORTEX 758 834 847 848 835
VORTEX 759 835 848 849 836
VORTEX 760 836 849 850 837
VORTEX 761 837 850 851 838
VORTEX 762 838 851 852 839
VORTEX 763 839 852 853 840
VORTEX 764 840 853 854 841
VORTEX 765 841 854 855 842
VORTEX 766 842 855 856 843
VORTEX 767 843 856 857 844
VORTEX 768 845 858 859 846
VORTEX 769 846 859 860 847
VORTEX 770 847 860 861 848
VORTEX 771 848 861 862 849
VORTEX 772 849 862 863 850
VORTEX 773 850 863 864 851
VORTEX 774 851 864 865 852
VORTEX 775 852 865 866 853
VORTEX 776 853 866 867 854
VORTEX 777 854 867 868 855
VORTEX 778 855 868 869 856
VORTEX 779 856 869 870 857
VORTEX 780 858 871 872 859
VORTEX 781 859 872 873 860
VORTEX 782 860 873 874 861
VORTEX 783 861 874 875 862
VORTEX 784 862 875 876 863
VORTEX 785 863 876 877 864
VORTEX 786 864 877 878 865
VORTEX 787 865 878 879 866
VORTEX 788 866 879 880 867
VORTEX 789 867 880 881 868
VORTEX 790 868 881 882 869
VORTEX 791 869 882 883 870
VORTEX 792 871 884 885 872
VORTEX 793 872 885 886 873
VORTEX 794 873 886 887 874
VORTEX 795 874 887 888 875
VORTEX 796 875 888 889 876
VORTEX 797 876 889 890 877
VORTEX 798 877 890 891 878
VORTEX 799 878 891 892 879
VORTEX 800 879 892 893 880
VORTEX 801 880 893 894 881
VORTEX 802 881 894 895 882
VORTEX 803 882 895 896 883
VORTEX 804 884 897 898 885
VORTEX 805 885 898 899 886
VORTEX 806 886 899 900 887
VORTEX 807 887 900 901 888
VORTEX 808 888 901 902 889
VORTEX 809 889 902 903 890
VORTEX 810 890 903 904 891
VORTEX 811 891 904 905 892
VORTEX 812 892 905 906 893
VORTEX 813 893 906 907 894
VORTEX 814 894 907 908 895
VORTEX 815 895 908 909 896
VORTEX 816 897 910 911 898
VORTEX 817 898 911 912 899
VORTEX 818 899 912 913 900
VORTEX 819 900 913 914 901
VORTEX 820 901 914 915 902
VORTEX 821 902 915 916 903
VORTEX 822 903 916 917 904
VORTEX 823 904 917 918 905
VORTEX 824 905 918 919 906
VORTEX 825 906 919 920 907
VORTEX 826 907 920 921 908
VORTEX 827 908 921 922 909
VORTEX 828 910 923 924 911
VORTEX 829 911 924 925 912
VORTEX 830 912 925 926 913
VORTEX 831 913 926 927 914
VORTEX 832 914 927 928 915
VORTEX 833 915 928 929 916
VORTEX 834 916 929 930 917
VORTEX 835 917 930 931 918
VORTEX 836 918 931 932 919
VORTEX 837 919 932 933 920
VORTEX 838 920 933 934 921
VORTEX 839 921 934 935 922
VORTEX 840 923 936 937 924
VORTEX 841 924 937 938 925
VORTEX 842 925 938 939 926
VORTEX 843 926 939 940 927
VORTEX 844 927 940 941 928
VORTEX 845 928 941 942 929
VORTEX 846 929 942 943 930
VORTEX 847 930 943 944 931
VORTEX 848 931 944 945 932
VORTEX 849 932 945 946 933
VORTEX 850 933 946 947 934
VORTEX 851 934 947 948 935
VORTEX 852 936 949 950 937
VORTEX 853 937 950 951 938
VORTEX 854 938 951 952 939
VORTEX 855 939 952 953 940
VORTEX 856 940 953 954 941
VORTEX 857 941 954 955 942
VORTEX 858 942 955 956 943
VORTEX 859 943 956 957 944
VORTEX 860 944 957 958 945
VORTEX 861 945 958 959 946
VORTEX 862 946 959 960 947
VORTEX 863 947 960 961 948
VORTEX 864 949 962 963 950
VORTEX 865 950 963 964 951
VORTEX 866 951 964 965 952
VORTEX 867 952 965 966 953
VORTEX 868 953 966 967 954
VORTEX 869 954 967 968 955
VORTEX 870 955 968 969 956
VORTEX 871 956 969 970 957
VORTEX 872 957 970 971 958
VORTEX 873 958 971 972 959
VORTEX 874 959 972 973 960
VORTEX 875 960 973 974 961
VORTEX 876 962 975 976 963
VORTEX 877 963 976 977 964
VORTEX 878 964 977 978 965
VORTEX 879 965 978 979 966
VORTEX 880 966 979 980 967
VORTEX 881 967 980 981 968
VORTEX 882 968 981 982 969
VORTEX 883 969 982 983 970
VORTEX 884 970 983 984 971
VORTEX 885 971 984 985 972
VORTEX 886 972 985 986 973
VORTEX 887 973 986 987 974
VORTEX 888 975 988 989 976
VORTEX 889 976 989 990 977
VORTEX 890 977 990 991 978
VORTEX 891 978 991 992 979
VORTEX 892 979 992 993 980
VORTEX 893 980 993 994 981
VORTEX 894 981 994 995 982
VORTEX 895 982 995 996 983
VORTEX 896 983 996 997 984
VORTEX 897 984 997 998 985
VORTEX 898 985 998 999 986
VORTEX 899 986 999 1000 987
VORTEX 900 988 1001 1002 989
VORTEX 901 989 1002 1003 990
VORTEX 902 990 1003 1004 991
VORTEX 903 991 1004 1005 992
VORTEX 904 992 1005 1006 993
VORTEX 905 993 1006 1007 994
VORTEX 906 994 1007 1008 995
VORTEX 907 995 1008 1009 996
VORTEX 908 996 1009 1010 997
VORTEX 909 997 1010 1011 998
VORTEX 910 998 1011 1012 999
VORTEX 911 999 1012 1013 1000
VORTEX 912 1001 1014 1015 1002
VORTEX 913 1002 1015 1016 1003
VORTEX 914 1003 1016 1017 1004
VORTEX 915 1004 1017 1018 1005
VORTEX 916 1005 1018 1019 1006
VORTEX 917 1006 1019 1020 1007
VORTEX 918 1007 1020 1021 1008
VORTEX 919 1008 1021 1022 1009
VORTEX 920 1009 1022 1023 1010
VORTEX 921 1010 1023 1024 1011
VORTEX 922 1011 1024 1025 1012
VORTEX 923 1012 1025 1026 1013
VORTEX 924 1014 1027 1028 1015
VORTEX 925 1015 1028 1029 1016
VORTEX 926 1016 1029 1030 1017
VORTEX 927 1017 1030 1031 1018
VORTEX 928 1018 1031 1032 1019
VORTEX 929 1019 1032 1033 1020
VORTEX 930 1020 1033 1034 1021
VORTEX 931 1021 1034 1035 1022
VORTEX 932 1022 1035 1036 1023
VORTEX 933 1023 1036 1037 1024
VORTEX 934 1024 1037 1038 1025
VORTEX 935 1025 1038 1039 1026
VORTEX 936 1027 1040 1041 1028
VORTEX 937 1028 1041 1042 1029
VORTEX 938 1029 1042 1043 1030
VORTEX 939 1030 1043 1044 1031
VORTEX 940 1031 1044 1045 1032
VORTEX 941 1032 1045 1046 1033
VORTEX 942 1033 1046 1047 1034
VORTEX 943 1034 1047 1048 1035
VORTEX 944 1035 1048 1049 1036
VORTEX 945 1036 1049 1050 1037
VORTEX 946 1037 1050 1051 1038
VORTEX 947 1038 1051 1052 1039
VORTEX 948 1040 1053 1054 1041
VORTEX 949 1041 1054 1055 1042
VORTEX 950 1042 1055 1056 1043
VORTEX 951 1043 1056 1057 1044
VORTEX 952 1044 1057 1058 1045
VORTEX 953 1045 1058 1059 1046
VORTEX 954 1046 1059 1060 1047
VORTEX 955 1047 1060 1061 1048
VORTEX 956 1048 1061 1062 1049
VORTEX 957 1049 1062 1063 1050
VORTEX 958 1050 1063 1064 1051
VORTEX 959 1051 1064 1065 1052
VORTEX 960 1053 1066 1067 1054
VORTEX 961 1054 1067 1068 1055
VORTEX 962 1055 1068 1069 1056
VORTEX 963 1056 1069 1070 1057
VORTEX 964 1057 1070 1071 1058
VORTEX 965 1058 1071 1072 1059
VORTEX 966 1059 1072 1073 1060
VORTEX 967 1060 1073 1074 1061
VORTEX 968 1061 1074 1075 1062
VORTEX 969 1062 1075 1076 1063
VORTEX 970 1063 1076 1077 1064
VORTEX 971 1064 1077 1078 1065
VORTEX 972 1066 1079 1080 1067
VORTEX 973 1067 1080 1081 1068
VORTEX 974 1068 1081 1082 1069
VORTEX 975 1069 1082 1083 1070
VORTEX 976 1070 1083 1084 1071
VORTEX 977 1071 1084 1085 1072
VORTEX 978 1072 1085 1086 1073
VORTEX 979 1073 1086 1087 1074
VORTEX 980 1074 1087 1088 1075
VORTEX 981 1075 1088 1089 1076
VORTEX 982 1076 1089 1090 1077
VORTEX 983 1077 1090 1091 1078
VORTEX 984 1079 1092 1093 1080
VORTEX 985 1080 1093 1094 1081
VORTEX 986 1081 1094 1095 1082
VORTEX 987 1082 1095 1096 1083
VORTEX 988 1083 1096 1097 1084
VORTEX 989 1084 1097 1098 1085
VORTEX 990 1085 1098 1099 1086
VORTEX 991 1086 1099 1100 1087
VORTEX 992 1087 1100 1101 1088
VORTEX 993 1088 1101 1102 1089
VORTEX 994 1089 1102 1103 1090
VORTEX 995 1090 1103 1104 1091
VORTEX 996 1092 1105 1106 1093
VORTEX 997 1093 1106 1107 1094
VORTEX 998 1094 1107 1108 1095
VORTEX 999 1095 1108 1109 1096
VORTEX 1000 1096 1109 1110 1097
VORTEX 1001 1097 1110 1111 1098
VORTEX 1002 1098 1111 1112 1099
VORTEX 1003 1099 1112 1113 1100
VORTEX 1004 1100 1113 1114 1101
VORTEX 1005 1101 1114 1115 1102
VORTEX 1006 1102 1115 1116 1103
VORTEX 1007 1103 1116 1117 1104
VORTEX 1008 1105 1118 1119 1106
VORTEX 1009 1106 1119 1120 1107
VORTEX 1010 1107 1120 1121 1108
VORTEX 1011 1108 1121 1122 1109
VORTEX 1012 1109 1122 1123 1110
VORTEX 1013 1110 1123 1124 1111
VORTEX 1014 1111 1124 1125 1112
VORTEX 1015 1112 1125 1126 1113
VORTEX 1016 1113 1126 1127 1114
VORTEX 1017 1114 1127 1128 1115
VORTEX 1018 1115 1128 1129 1116
VORTEX 1019 1116 1129 1130 1117
VORTEX 1020 1118 1131 1132 1119
VORTEX 1021 1119 1132 1133 1120
VORTEX 1022 1120 1133 1134 1121
VORTEX 1023 1121 1134 1135 1122
VORTEX 1024 1122 1135 1136 1123
VORTEX 1025 1123 1136 1137 1124
VORTEX 1026 1124 1137 1138 1125
VORTEX 1027 1125 1138 1139 1126
VORTEX 1028 1126 1139 1140 1127
VORTEX 1029 1127 1140 1141 1128
VORTEX 1030 1128 1141 1142 1129
VORTEX 1031 1129 1142 1143 1130
VORTEX 1032 1131 1144 1145 1132
VORTEX 1033 1132 1145 1146 1133
VORTEX 1034 1133 1146 1147 1134
VORTEX 1035 1134 1147 1148 1135
VORTEX 1036 1135 1148 1149 1136
VORTEX 1037 1136 1149 1150 1137
VORTEX 1038 1137 1150 1151 1138
VORTEX 1039 1138 1151 1152 1139
VORTEX 1040 1139 1152 1153 1140
VORTEX 1041 1140 1153 1154 1141
VORTEX 1042 1141 1154 1155 1142
VORTEX 1043 1142 1155 1156 1143
VORTEX 1044 1144 1157 1158 1145
VORTEX 1045 1145 1158 1159 1146
VORTEX 1046 1146 1159 1160 1147
VORTEX 1047 1147 1160 1161 1148
VORTEX 1048 1148 1161 1162 1149
VORTEX 1049 1149 1162 1163 1150
VORTEX 1050 1150 1163 1164 1151
VORTEX 1051 1151 1164 1165 1152
VORTEX 1052 1152 1165 1166 1153
VORTEX 1053 1153 1166 1167 1154
VORTEX 1054 1154 1167 1168 1155
VORTEX 1055 1155 1168 1169 1156
VORTEX 1056 1157 1170 1171 1158
VORTEX 1057 1158 1171 1172 1159
VORTEX 1058 1159 1172 1173 1160
VORTEX 1059 1160 1173 1174 1161
VORTEX 1060 1161 1174 1175 1162
VORTEX 1061 1162 1175 1176 1163
VORTEX 1062 1163 1176 1177 1164
VORTEX 1063 1164 1177 1178 1165
VORTEX 1064 1165 1178 1179 1166
VORTEX 1065 1166 1179 1180 1167
VORTEX 1066 1167 1180 1181 1168
VORTEX 1067 1168 1181 1182 1169
VORTEX 1068 1170 1183 1184 1171
VORTEX 1069 1171 1184 1185 1172
VORTEX 1070 1172 1185 1186 1173
VORTEX 1071 1173 1186 1187 1174
VORTEX 1072 1174 1187 1188 1175
VORTEX 1073 1175 1188 1189 1176
VORTEX 1074 1176 1189 1190 1177
VORTEX 1075 1177 1190 1191 1178
VORTEX 1076 1178 1191 1192 1179
VORTEX 1077 1179 1192 1193 1180
VORTEX 1078 1180 1193 1194 1181
VORTEX 1079 1181 1194 1195 1182
VORTEX 1080 1183 1196 1197 1184
VORTEX 1081 1184 1197 1198 1185
VORTEX 1082 1185 1198 1199 1186
VORTEX 1083 1186 1199 1200 1187
VORTEX 1084 1187 1200 1201 1188
VORTEX 1085 1188 1201 1202 1189
VORTEX 1086 1189 1202 1203 1190
VORTEX 1087 1190 1203 1204 1191
VORTEX 1088 1191 1204 1205 1192
VORTEX 1089 1192 1205 1206 1193
VORTEX 1090 1193 1206 1207 1194
VORTEX 1091 1194 1207 1208 1195
VORTEX 1092 1196 1209 1210 1197
VORTEX 1093 1197 1210 1211 1198
VORTEX 1094 1198 1211 1212 1199
VORTEX 1095 1199 1212 1213 1200
VORTEX 1096 1200 1213 1214 1201
VORTEX 1097 1201 1214 1215 1202
VORTEX 1098 1202 1215 1216 1203
VORTEX 1099 1203 1216 1217 1204
VORTEX 1100 1204 1217 1218 1205
VORTEX 1101 1205 1218 1219 1206
VORTEX 1102 1206 1219 1220 1207
VORTEX 1103 1207 1220 1221 1208
VORTEX 1104 1209 1222 1223 1210
VORTEX 1105 1210 1223 1224 1211
VORTEX 1106 1211 1224 1225 1212
VORTEX 1107 1212 1225 1226 1213
VORTEX 1108 1213 1226 1227 1214
VORTEX 1109 1214 1227 1228 1215
VORTEX 1110 1215 1228 1229 1216
VORTEX 1111 1216 1229 1230 1217
VORTEX 1112 1217 1230 1231 1218
VORTEX 1113 1218 1231 1232 1219
VORTEX 1114 1219 1232 1233 1220
VORTEX 1115 1220 1233 1234 1221
VORTEX 1116 1222 1235 1236 1223
VORTEX 1117 1223 1236 1237 1224
VORTEX 1118 1224 1237 1238 1225
VORTEX 1119 1225 1238 1239 1226
VORTEX 1120 1226 1239 1240 1227
VORTEX 1121 1227 1240 1241 1228
VORTEX 1122 1228 1241 1242 1229
VORTEX 1123 1229 1242 1243 1230
VORTEX 1124 1230 1243 1244 1231
VORTEX 1125 1231 1244 1245 1232
VORTEX 1126 1232 1245 1246 1233
VORTEX 1127 1233 1246 1247 1234
VORTEX 1128 1235 1248 1249 1236
VORTEX 1129 1236 1249 1250 1237
VORTEX 1130 1237 1250 1251 1238
VORTEX 1131 1238 1251 1252 1239
VORTEX 1132 1239 1252 1253 1240
VORTEX 1133 1240 1253 1254 1241
VORTEX 1134 1241 1254 1255 1242
VORTEX 1135 1242 1255 1256 1243
VORTEX 1136 1243 1256 1257 1244
VORTEX 1137 1244 1257 1258 1245
VORTEX 1138 1245 1258 1259 1246
VORTEX 1139 1246 1259 1260 1247
VORTEX 1140 1248 1261 1262 1249
VORTEX 1141 1249 1262 1263 1250
VORTEX 1142 1250 1263 1264 1251
VORTEX 1143 1251 1264 1265 1252
VORTEX 1144 1252 1265 1266 1253
VORTEX 1145 1253 1266 1267 1254
VORTEX 1146 1254 1267 1268 1255
VORTEX 1147 1255 1268 1269 1256
VORTEX 1148 1256 1269 1270 1257
VORTEX 1149 1257 1270 1271 1258
VORTEX 1150 1258 1271 1272 1259
VORTEX 1151 1259 1272 1273 1260
VORTEX 1152 1261 1274 1275 1262
VORTEX 1153 1262 1275 1276 1263
VORTEX 1154 1263 1276 1277 1264
VORTEX 1155 1264 1277 1278 1265
VORTEX 1156 1265 1278 1279 1266
VORTEX 1157 1266 1279 1280 1267
VORTEX 1158 1267 1280 1281 1268
VORTEX 1159 1268 1281 1282 1269
VORTEX 1160 1269 1282 1283 1270
VORTEX 1161 1270 1283 1284 1271
VORTEX 1162 1271 1284 1285 1272
VORTEX 1163 1272 1285 1286 1273
VORTEX 1164 1274 1287 1288 1275
VORTEX 1165 1275 1288 1289 1276
VORTEX 1166 1276 1289 1290 1277
VORTEX 1167 1277 1290 1291 1278
VORTEX 1168 1278 1291 1292 1279
VORTEX 1169 1279 1292 1293 1280
VORTEX 1170 1280 1293 1294 1281
VORTEX 1171 1281 1294 1295 1282
VORTEX 1172 1282 1295 1296 1283
VORTEX 1173 1283 1296 1297 1284
VORTEX 1174 1284 1297 1298 1285
VORTEX 1175 1285 1298 1299 1286
VORTEX 1176 1287 1300 1301 1288
VORTEX 1177 1288 1301 1302 1289
VORTEX 1178 1289 1302 1303 1290
VORTEX 1179 1290 1303 1304 1291
VORTEX 1180 1291 1304 1305 1292
VORTEX 1181 1292 1305 1306 1293
VORTEX 1182 1293 1306 1307 1294
VORTEX 1183 1294 1307 1308 1295
VORTEX 1184 1295 1308 1309 1296
VORTEX 1185 1296 1309 1310 1297
VORTEX 1186 1297 1310 1311 1298
VORTEX 1187 1298 1311 1312 1299
VORTEX 1188 1300 0 1 1301
VORTEX 1189 1301 1 2 1302
VORTEX 1190 1302 2 3 1303
VORTEX 1191 1303 3 4 1304
VORTEX 1192 1304 4 5 1305
VORTEX 1193 1305 5 6 1306
VORTEX 1194 1306 6 7 1307
VORTEX 1195 1307 7 8 1308
VORTEX 1196 1308 8 9 1309
VORTEX 1197 1309 9 10 1310
VORTEX 1198 1310 10 11 1311
VORTEX 1199 1311 11 12 1312
WINGSTATION 0 0 1 2 3 4 5 6 7 8 9 10 11
WINGSTATION 1 12 13 14 15 16 17 18 19 20 21 22 23
WINGSTATION 2 24 25 26 27 28 29 30 31 32 33 34 35
WINGSTATION 3 36 37 38 39 40 41 42 43 44 45 46 47
WINGSTATION 4 48 49 50 51 52 53 54 55 56 57 58 59
WINGSTATION 5 60 61 62 63 64 65 66 67 68 69 70 71
WINGSTATION 6 72 73 74 75 76 77 78 79 80 81 82 83
WINGSTATION 7 84 85 86 87 88 89 90 91 92 93 94 95
WINGSTATION 8 96 97 98 99 100 101 102 103 104 105 106 107
WINGSTATION 9 108 109 110 111 112 113 114 115 116 117 118 119
WINGSTATION 10 120 121 122 123 124 125 126 127 128 129 130 131
WINGSTATION 11 132 133 134 135 136 137 138 139 140 141 142 143
WINGSTATION 12 144 145 146 147 148 149 150 151 152 153 154 155
WINGSTATION 13 156 157 158 159 160 161 162 163 164 165 166 167
WINGSTATION 14 168 169 170 171 172 173 174 175 176 177 178 179
WINGSTATION 15 180 181 182 183 184 185 186 187 188 189 190 191
WINGSTATION 16 192 193 194 195 196 197 198 199 200 201 202 203
WINGSTATION 17 204 205 206 207 208 209 210 211 212 213 214 215
WINGSTATION 18 216 217 218 219 220 221 222 223 224 225 226 227
WINGSTATION 19 228 229 230 231 232 233 234 235 236 237 238 239
WINGSTATION 20 240 241 242 243 244 245 246 247 248 249 250 251
WINGSTATION 21 252 253 254 255 256 257 258 259 260 261 262 263
WINGSTATION 22 264 265 266 267 268 269 270 271 272 273 274 275
WINGSTATION 23 276 277 278 279 280 281 282 283 284 285 286 287
WINGSTATION 24 288 289 290 291 292 293 294 295 296 297 298 299
WINGSTATION 25 300 301 302 303 304 305 306 307 308 309 310 311
WINGSTATION 26 312 313 314 315 316 317 318 319 320 321 322 323
WINGSTATION 27 324 325 326 327 328 329 330 331 332 333 334 335
WINGSTATION 28 336 337 338 339 340 341 342 343 344 345 346 347
WINGSTATION 29 348 349 350 351 352 353 354 355 356 357 358 359
WINGSTATION 30 360 361 362 363 364 365 366 367 368 369 370 371
WINGSTATION 31 372 373 374 375 376 377 378 379 380 381 382 383
WINGSTATION 32 384 385 386 387 388 389 390 391 392 393 394 395
WINGSTATION 33 396 397 398 399 400 401 402 403 404 405 406 407
WINGSTATION 34 408 409 410 411 412 413 414 415 416 417 418 419
WINGSTATION 35 420 421 422 423 424 425 426 427 428 429 430 431
WINGSTATION 36 432 433 434 435 436 437 438 439 440 441 442 443
WINGSTATION 37 444 445 446 447 448 449 450 451 452 453 454 455
WINGSTATION 38 456 457 458 459 460 461 462 463 464 465 466 467
WINGSTATION 39 468 469 470 471 472 473 474 475 476 477 478 479
WINGSTATION 40 480 481 482 483 484 485 486 487 488 489 490 491
WINGSTATION 41 492 493 494 495 496 497 498 499 500 501 502 503
WINGSTATION 42 504 505 506 507 508 509 510 511 512 513 514 515
WINGSTATION 43 516 517 518 519 520 521 522 523 524 525 526 527
WINGSTATION 44 528 529 530 531 532 533 534 535 536 537 538 539
WINGSTATION 45 540 541 542 543 544 545 546 547 548 549 550 551
WINGSTATION 46 552 553 554 555 556 557 558 559 560 561 562 563
WINGSTATION 47 564 565 566 567 568 569 570 571 572 573 574 575
WINGSTATION 48 576 577 578 579 580 581 582 583 584 585 586 587
WINGSTATION 49 588 589 590 591 592 593 594 595 596 597 598 599
WINGSTATION 50 600 601 602 603 604 605 606 607 608 609 610 611
WINGSTATION 51 612 613 614 615 616 617 618 619 620 621 622 623
WINGSTATION 52 624 625 626 627 628 629 630 631 632 633 634 635
WINGSTATION 53 636 637 638 639 640 641 642 643 644 645 646 647
WINGSTATION 54 648 649 650 651 652 653 654 655 656 657 658 659
WINGSTATION 55 660 661 662 663 664 665 666 667 668 669 670 671
WINGSTATION 56 672 673 674 675 676 677 678 679 680 681 682 683
WINGSTATION 57 684 685 686 687 688 689 690 691 692 693 694 695
WINGSTATION 58 696 697 698 699 700 701 702 703 704 705 706 707
WINGSTATION 59 708 709 710 711 712 713 714 715 716 717 718 719
WINGSTATION 60 720 721 722 723 724 725 726 727 728 729 730 731
WINGSTATION 61 732 733 734 735 736 737 738 739 740 741 742 743
WINGSTATION 62 744 745 746 747 748 749 750 751 752 753 754 755
WINGSTATION 63 756 757 758 759 760 761 762 763 764 765 766 767
WINGSTATION 64 768 769 770 771 772 773 774 775 776 777 778 779
WINGSTATION 65 780 781 782 783 784 785 786 787 788 789 790 791
WINGSTATION 66 792 793 794 795 796 797 798 799 800 801 802 803
WINGSTATION 67 804 805 806 807 808 809 810 811 812 813 814 815
WINGSTATION 68 816 817 818 819 820 821 822 823 824 825 826 827
WINGSTATION 69 828 829 830 831 832 833 834 835 836 837 838 839
WINGSTATION 70 840 841 842 843 844 845 846 847 848 849 850 851
WINGSTATION 71 852 853 854 855 856 857 858 859 860 861 862 863
WINGSTATION 72 864 865 866 867 868 869 870 871 872 873 874 875
WINGSTATION 73 876 877 878 879 880 881 882 883 884 885 886 887
WINGSTATION 74 888 889 890 891 892 893 894 895 896 897 898 899
WINGSTATION 75 900 901 902 903 904 905 906 907 908 909 910 911
WINGSTATION 76 912 913 914 915 916 917 918 919 920 921 922 923
WINGSTATION 77 924 925 926 927 928 929 930 931 932 933 934 935
WINGSTATION 78 936 937 938 939 940 941 942 943 944 945 946 947
WINGSTATION 79 948 949 950 951 952 953 954 955 956 957 958 959
WINGSTATION 80 960 961 962 963 964 965 966 967 968 969 970 971
WINGSTATION 81 972 973 974 975 976 977 978 979 980 981 982 983
WINGSTATION 82 984 985 986 987 988 989 990 991 992 993 994 995
WINGSTATION 83 996 997 998 999 1000 1001 1002 1003 1004 1005 1006 1007
WINGSTATION 84 1008 1009 1010 1011 1012 1013 1014 1015 1016 1017 1018 1019
WINGSTATION 85 1020 1021 1022 1023 1024 1025 1026 1027 1028 1029 1030 1031
WINGSTATION 86 1032 1033 1034 1035 1036 1037 1038 1039 1040 1041 1042 1043
WINGSTATION 87 1044 1045 1046 1047 1048 1049 1050 1051 1052 1053 1054 1055
WINGSTATION 88 1056 1057 1058 1059 1060 1061 1062 1063 1064 1065 1066 1067
WINGSTATION 89 1068 1069 1070 1071 1072 1073 1074 1075 1076 1077 1078 1079
WINGSTATION 90 1080 1081 1082 1083 1084 1085 1086 1087 1088 1089 1090 1091
WINGSTATION 91 1092 1093 1094 1095 1096 1097 1098 1099 1100 1101 1102 1103
WINGSTATION 92 1104 1105 1106 1107 1108 1109 1110 1111 1112 1113 1114 1115
WINGSTATION 93 1116 1117 1118 1119 1120 1121 1122 1123 1124 1125 1126 1127
WINGSTATION 94 1128 1129 1130 1131 1132 1133 1134 1135 1136 1137 1138 1139
WINGSTATION 95 1140 1141 1142 1143 1144 1145 1146 1147 1148 1149 1150 1151
WINGSTATION 96 1152 1153 1154 1155 1156 1157 1158 1159 1160 1161 1162 1163
WINGSTATION 97 1164 1165 1166 1167 1168 1169 1170 1171 1172 1173 1174 1175
WINGSTATION 98 1176 1177 1178 1179 1180 1181 1182 1183 1184 1185 1186 1187
WINGSTATION 99 1188 1189 1190 1191 1192 1193 1194 1195 1196 1197 1198 1199
WING 0 0 1 2 3 4 5 6 7 8 9 10 11 12 13 14 15 16 17 18 19 20 21 22 23 24 25 26 27 28 29 30 31 32 33 34 35 36 37 38 39 40 41 42 43 44 45 46 47 48 49
WING 1 99 98 97 96 95 94 93 92 91 90 89 88 87 86 85 84 83 82 81 80 79 78 77 76 75 74 73 72 71 70 69 68 67 66 65 64 63 62 61 60 59 58 57 56 55 54 53 52 51 50
